,open,high,low,close,adjcp,pct_return,adjcp_filtered,pct_return_filtered
30398,200.71701049804688,201.47227478027344,198.5659637451172,198.8432159423828,138.94700622558594,-0.0087219327526911,138.61417325038383,-0.001592510976328
30399,198.68069458007807,199.0726623535156,196.03250122070312,196.7686462402344,137.49734497070312,-0.0104331953185751,138.38628773761494,-0.0034289385431269
30400,197.48565673828125,198.1548767089844,196.5870056152344,196.71128845214844,137.45730590820312,-0.0002911988046644,138.70379018458084,-0.0053632153078001
30401,196.5965576171875,198.8145294189453,196.52008056640625,198.6615753173828,138.82009887695312,0.0099143000057058,139.1326881116774,-0.0072699165113484
30402,199.694076538086,200.1912078857422,198.68069458007807,199.7418670654297,139.57493591308594,0.0054375197989298,138.9594131063215,-0.0089673643534388
30403,200.7074584960937,201.7208404541016,200.2581329345703,201.7208404541016,140.9578399658203,0.0099079683876446,137.6508895454849,-0.0102300709214887
30404,192.3613739013672,194.46463012695312,189.818359375,191.806884765625,134.03021240234375,-0.0491468056346237,135.24941678209908,-0.0108325198978472
30405,191.11854553222656,191.3384246826172,185.53536987304688,186.38623046875,130.24240112304688,-0.0282608764949673,132.37165336252014,-0.0106137362163448
30406,186.70172119140625,187.4569854736328,184.6845092773437,184.85659790039065,129.17347717285156,-0.0082071886035443,129.8202288912454,-0.0095376231275751
30407,185.1912078857422,186.11854553222656,183.97705078125,185.85086059570312,129.86822509765625,0.0053784100266576,128.1491536036261,-0.0077231984566978
30408,185.0191192626953,185.46844482421875,182.5430145263672,182.83938598632807,127.76393127441406,-0.0162033000886847,127.49528686707838,-0.0054326004631332
30409,183.97705078125,184.7896728515625,182.1797332763672,182.33270263671875,127.409912109375,-0.0027708850338887,127.6805630048686,-0.0030218886587116
30410,182.9923553466797,183.97705078125,182.32313537597656,183.1739959716797,127.99773406982422,0.0046136281763118,128.3861950393498,-0.0008696286274805
30411,183.0688323974609,185.3441619873047,183.0497131347656,184.7705535888672,129.1134033203125,0.0087163203207931,129.2644642497906,0.0006992965471965
30412,186.2332763671875,187.7724609375,185.11471557617188,185.9751434326172,129.9551239013672,0.0065192347146678,130.00245272197475,0.0014777526364192
30413,186.11854553222656,189.1873779296875,185.9942626953125,188.4799194335937,131.70533752441406,0.0134678308211628,130.3864590841142,0.0014140408495148
30414,188.8432159423828,189.29254150390625,184.7896728515625,184.92352294921875,129.22027587890625,-0.0188683442312819,130.3519483263998,0.0006153512427063
30415,183.90057373046875,186.3957977294922,183.5659637451172,185.602294921875,129.694580078125,0.0036705091054225,129.9718047204888,-0.0006815126948243
30416,186.67303466796875,188.09751892089844,186.11854553222656,186.49139404296875,130.31585693359375,0.0047903070050769,129.38292299963547,-0.0021624005928866
30417,184.85659790039065,185.1625213623047,182.7533416748047,182.7533416748047,128.26271057128906,-0.0157551537519408,128.7030980505864,-0.0034978822623386
30418,182.9827880859375,183.374755859375,181.7304077148437,181.73995971679688,127.5514678955078,-0.00554520228532,127.98542488327554,-0.0044029475011198
30419,181.5009613037109,183.2122344970703,180.5736083984375,181.30018615722656,127.24279022216795,-0.0024200244688106,127.228711392424,-0.0046848320547742
30420,181.67303466796875,182.3804931640625,179.1682586669922,180.9273376464844,126.9811019897461,-0.0020566055802843,126.44053263316816,-0.0042724955950981
30421,180.10516357421875,182.48565673828125,179.9713134765625,180.03823852539062,126.35716247558594,-0.0049136407259289,125.7119000714537,-0.0032247770270335
30422,180.8221740722656,180.9464569091797,177.13192749023438,177.35182189941406,124.47168731689452,-0.0149217909119772,125.22799199507486,-0.0017171557982432
30423,177.65774536132812,178.96749877929688,176.65391540527344,177.67686462402344,124.69983673095705,0.0018329422455862,125.17800913209364,-8.636225795356125e-06
30555,197.1510467529297,199.2543029785156,196.97897338867188,198.7762908935547,140.7520294189453,0.0006737820773317,140.8781958732442,-0.0003750278284893
30556,197.8680725097656,201.71128845214844,197.8680725097656,200.1529693603516,141.72679138183594,0.0069253847842525,141.22654781863005,-0.0011073065634979
30557,199.4168243408203,202.65774536132807,198.87188720703125,198.87188720703125,140.81971740722656,-0.0064001588250562,141.0815807338353,-0.0017267043749135
30558,199.0917816162109,200.8126220703125,198.2122344970703,199.7610015869141,141.44927978515625,0.0044706976375268,140.45348683257615,-0.0021687398996072
30559,199.4263916015625,199.8087921142578,196.06118774414065,197.12237548828125,139.5808868408203,-0.0132089251155876,139.61868556071147,-0.0023926643730992
30560,196.13766479492188,197.2179718017578,193.49903869628903,193.8240966796875,137.24542236328125,-0.0167319790724818,138.91469815123682,-0.002397923969771
30561,194.0726623535156,195.21987915039065,192.6099395751953,194.8374786376953,137.9629669189453,0.0052281857078246,138.500793089184,-0.0022316142015634
30562,195.8412933349609,197.2753295898437,195.13385009765625,197.2753295898437,139.68917846679688,0.0125121370350473,138.2837873009742,-0.0019820269534801
30563,197.8680725097656,197.87762451171875,195.8890991210937,196.0038299560547,138.7888946533203,-0.0064449073532961,138.0726690724272,-0.0017602657458146
30564,194.2351837158203,196.89292907714844,193.6042022705078,195.0095672607422,138.08482360839844,-0.0050729638468594,137.8017158220539,-0.001676838294615
30565,195.5927276611328,196.20458984375,191.6921539306641,192.3518218994141,136.20291137695312,-0.0136286681060788,137.589903860495,-0.0018193503768253
30566,192.170166015625,195.4110870361328,191.5296325683593,194.8087921142578,137.94265747070312,0.0127731931436847,137.5765787916577,-0.0022336378223021
30567,195.0,195.73614501953125,192.9349975585937,193.307846069336,136.87986755371094,-0.0077045776591473,137.7033564473923,-0.0029094836032281
30568,194.4933013916016,196.1472320556641,193.64244079589844,194.11090087890625,137.44850158691406,0.0041542561617398,137.6674091071392,-0.0037744271856816
30569,194.0917816162109,197.0267639160156,193.9483795166016,195.8604278564453,138.68727111816406,0.0090126084820698,137.11735643759914,-0.0047009507558073
30570,195.44932556152344,196.0133819580078,193.0497131347656,193.0592803955078,136.7038116455078,-0.0143016691918778,135.94339618342002,-0.0055299295729588
30571,191.8451232910156,192.829833984375,188.6042022705078,188.671127319336,133.59657287597656,-0.0227297156687097,134.4090875084271,-0.0061067272451989
30572,189.7705535888672,189.7896728515625,185.0286865234375,186.8642425537109,132.31716918945312,-0.009576620559804,132.98800871319168,-0.006318988954233
30573,185.4588928222656,186.3384246826172,182.9254302978516,185.0286865234375,131.0174560546875,-0.0098227096508139,132.02762818549303,-0.0061223020504642
30574,186.7208404541016,186.988525390625,184.6558380126953,186.4053497314453,131.9922332763672,0.0074400560889595,131.5273017831538,-0.0055449469702985
30575,187.3518218994141,187.6003875732422,185.9464569091797,186.29063415527344,131.91098022460938,-0.000615589642973,131.2179465738827,-0.0046732014233614
30576,187.4282989501953,188.2409210205078,186.70172119140625,187.0458831787109,132.44580078125,0.0040544051429984,130.85542384750016,-0.0036266918107904
30577,183.2982788085937,184.1873779296875,180.12428283691406,182.7055511474609,129.37245178222656,-0.0232045786343912,130.4479119053463,-0.0025338883754473
30578,183.69981384277344,185.2772521972656,182.7151031494141,182.8680725097656,129.4875030517578,0.0008893026911549,130.2112138076863,-0.0015123307133971
30579,182.3900604248047,184.73231506347656,181.89292907714844,183.07839965820312,129.6364288330078,0.0011501170208716,130.31371340710714,-0.0006527400638198
30580,182.58126831054688,185.67877197265625,182.1319274902344,184.75143432617188,130.8211212158203,0.0091385761971163,130.67126207073267,-5.962110550491047e-06
30897,181.3479919433593,182.49522399902344,180.4110870361328,180.72657775878903,131.5406951904297,0.0019612316776689,130.85025288183553,3.945442691663861e-05
30898,179.51242065429688,179.84703063964844,177.3804931640625,177.5430145263672,129.22357177734375,-0.0176152589868212,130.72071802638996,-0.0002975202740678
30899,177.7915802001953,181.261947631836,177.44741821289062,181.03250122070312,131.76333618164062,0.0196540334659141,130.3363078057185,-0.0013093015243728
30900,180.8030548095703,181.1663513183593,177.90631103515625,178.2218017578125,129.71759033203125,-0.0155259111441231,129.74650726913077,-0.0030147132859177
30901,177.68641662597656,179.48374938964844,176.95985412597656,177.7533416748047,129.3766632080078,-0.0026282258493299,129.1218762270156,-0.0053347930509869
30902,177.33270263671875,178.44168090820312,175.35372924804688,175.44932556152344,127.69965362548828,-0.0129622262696889,128.59797631563902,-0.0080875720519357
30903,176.7590789794922,177.55258178710938,175.51625061035156,175.71701049804688,127.89453887939452,0.0015261220244009,128.0804314424117,-0.0109958139275208
30904,174.43594360351562,175.70745849609375,170.88909912109375,173.75717163085938,126.46810913085938,-0.0111531716759248,127.1827933656728,-0.0137109695737687
30905,171.89292907714844,173.49903869628906,170.8317413330078,171.93116760253906,125.13902282714844,-0.0105092604993065,125.42079388181236,-0.0158562919355005
30906,173.26959228515625,174.7992401123047,172.29444885253906,174.04397583007812,126.67684936523438,0.0122889447539484,122.58958959071184,-0.017088700231192
30907,159.51242065429688,162.83938598632812,159.35946655273438,161.66348266601562,117.6657485961914,-0.0711345507422763,119.04354192468809,-0.0171710711870775
30908,159.08221435546875,159.3498992919922,154.56979370117188,156.05162048339844,113.58118438720705,-0.0347132811180412,115.6039688638246,-0.0160361427162086
30909,155.26768493652344,158.13575744628906,154.01528930664062,154.67495727539062,112.5792007446289,-0.0088217396920452,113.11451812388438,-0.0138171641856904
30910,154.9904327392578,155.66921997070312,154.43594360351562,155.0478057861328,112.85057067871094,0.0024104801978261,111.98410083207264,-0.0108275637828997
30911,154.9521942138672,155.29637145996094,154.3498992919922,154.9521942138672,112.78097534179688,-0.0006167034556892,112.05166740579934,-0.0074921053335851
30912,154.87571716308594,155.74569702148438,154.69407653808594,154.75143432617188,112.6348648071289,-0.0012955246594131,112.79665648150964,-0.0042522840034852
30913,154.87571716308594,156.4053497314453,154.68450927734375,156.4053497314453,113.83865356445312,0.0106875323141333,113.66125115018188,-0.001476054858919
30914,157.10325622558594,157.3804931640625,155.602294921875,156.27151489257812,113.7412338256836,-0.0008557703005014,114.26304603241348,0.0006042337261212
30915,156.30975341796875,157.3804931640625,155.85086059570312,157.12237548828125,114.36053466796876,0.0054448226158183,114.44644965772112,0.0019140348403734
30916,158.2026824951172,158.30784606933594,156.42446899414062,157.170166015625,114.39530181884766,0.0003040135391096,114.24339373093451,0.0025194135609846
30917,157.02676391601562,157.30401611328125,156.1950225830078,157.13192749023438,114.36750793457033,-0.0002429635119224,113.81483420343628,0.0025806608025897
30918,157.11280822753906,157.13192749023438,155.10516357421875,155.49713134765625,113.17761993408205,-0.0104040738665829,113.38446194223091,0.0022930141388866
30919,155.95602416992188,156.34799194335938,154.45506286621094,154.70362854003906,112.60004425048828,-0.0051032676242013,113.14984386237094,0.0018324454567637
30920,154.1873779296875,154.4263916015625,153.011474609375,154.35946655273438,113.11851501464844,0.0046045342842564,113.19426359484072,0.0013210592144533
30921,154.32122802734375,155.07647705078125,153.7762908935547,154.94264221191406,113.54589080810548,0.0037781241506016,113.46098295917989,0.0008185552417533
30922,154.78012084960938,157.23709106445312,154.50286865234375,156.30018615722656,114.54073333740234,0.0087615898930077,113.816956935783,0.0003362925407561
31092,162.0172119140625,163.5659637451172,161.72084045410156,163.47991943359375,121.5556182861328,0.0146562308946402,122.02381433530049,-0.0007956335727568
31093,162.83938598632812,164.93307495117188,162.6195068359375,164.92352294921875,122.6290054321289,0.0088304198615438,121.65499857165216,-0.0033989012744254
31094,165.1912078857422,166.13766479492188,164.56979370117188,165.602294921875,123.13367462158205,0.0041154145193851,120.19338710360078,-0.0057023380813565
31095,157.11280822753906,159.034423828125,154.89483642578125,155.89866638183594,115.9185791015625,-0.058595632284939,117.96564489762136,-0.007388777890054
31096,155.5736083984375,155.89866638183594,152.67686462402344,153.29827880859375,113.98503875732422,-0.0166801591187915,115.65636213924684,-0.0082641392993222
31097,153.2218017578125,155.5927276611328,152.8011474609375,154.61758422851562,114.96600341796876,0.0086060826169742,113.95112552246002,-0.0082984803312999
31098,154.1969451904297,154.8087921142578,152.3996124267578,152.72467041015625,113.55851745605467,-0.012242627560054,113.19857773299466,-0.0076207248207972
31099,152.0076446533203,153.13575744628906,151.625244140625,152.07456970214844,113.07515716552734,-0.0042564864473013,113.3077196413566,-0.00647005929798
31100,152.87762451171875,153.1453094482422,151.52963256835938,153.011474609375,113.7717742919922,0.0061606558321656,113.87388939044196,-0.0051233668676582
31101,152.9636688232422,154.397705078125,152.3804931640625,154.0057373046875,114.51107788085938,0.0064981283228453,114.40408704943846,-0.0038234209677548
31102,153.44168090820312,154.30210876464844,152.72467041015625,153.88145446777344,114.41868591308594,-0.0008068386874287,114.53156747440626,-0.0027287905638957
31103,154.30210876464844,154.93307495117188,153.5659637451172,154.86614990234375,115.15082550048828,0.0063987764022956,114.15084666322916,-0.0018976032140722
31104,154.5889129638672,154.73231506347656,150.95602416992188,151.73040771484375,112.81924438476562,-0.020248062535277,113.4233040723331,-0.0013055980300311
31105,151.4340362548828,151.8355712890625,149.9713134765625,150.66921997070312,112.03021240234376,-0.0069937712021088,112.64805732658068,-0.000887273757214
31106,152.10325622558594,152.52389526367188,150.5544891357422,150.95602416992188,112.24346160888672,0.0019034972974709,112.07390365761484,-0.0005820917591969
31107,150.21987915039062,150.6118621826172,149.31166076660156,149.4455108642578,112.0427703857422,-0.001787999231918,111.77475587266,-0.000368750085143
31108,149.034423828125,149.3785858154297,147.55258178710938,148.29827880859375,111.18263244628906,-0.0076768713991259,111.6621731527848,-0.0002779455730834
31109,149.87571716308594,150.54493713378906,149.25430297851562,149.85659790039062,112.35098266601562,0.0105083878121969,111.6045544149945,-0.0003827251745706
31110,149.10133361816406,149.13002014160156,148.04971313476562,148.67112731933594,111.46219635009766,-0.0079108014440786,111.55228593899008,-0.0007716903801486
31111,147.47610473632812,149.63670349121094,147.1797332763672,149.29254150390625,111.92809295654295,0.0041798620671527,111.57046859783456,-0.0015135238888317
31112,149.1969451904297,149.22561645507812,147.53346252441406,148.25047302246094,111.14681243896484,-0.0069802003852728,111.74501677876984,-0.0026223712367661
31113,148.18356323242188,149.34034729003906,147.7820281982422,148.90057373046875,111.63422393798828,0.0043852944436988,112.02462854934858,-0.0040332031135782
31114,148.374755859375,149.7992401123047,147.89674377441406,149.43594360351562,112.0355987548828,0.0035954459370584,112.13181937998984,-0.0055950506004572
31115,148.67112731933594,149.63670349121094,148.4225616455078,149.14913940429688,111.82054901123048,-0.0019194768987919,111.6538985652131,-0.0070876968629905
31116,148.32696533203125,148.8240966796875,146.66348266601562,147.170166015625,110.33688354492188,-0.0132682720611539,110.30307650452812,-0.0082625571542203
31117,146.02294921875,147.14149475097656,145.7935028076172,145.9464569091797,109.41944122314452,-0.0083149196560716,108.19022229758022,-0.0089005365484967
31118,144.8374786376953,146.45315551757812,142.16061401367188,142.30401611328125,106.68861389160156,-0.0249574234799265,105.89410658006292,-0.0088710447257375
31119,137.16061401367188,141.26194763183594,136.71128845214844,137.16061401367188,102.83248138427734,-0.036143805479019,104.201158460664,-0.0081714683477076
31120,140.47801208496094,140.64053344726562,134.43594360351562,134.76100158691406,101.033447265625,-0.017494804116702,103.6303401892797,-0.0069292933378203
31121,137.7533416748047,140.51625061035156,135.88909912109375,140.24856567382812,105.14759826660156,0.0407206832224593,104.08309702915778,-0.0053618493831209
31122,141.9694061279297,142.41873168945312,139.25430297851562,142.0076446533203,106.46639251708984,0.0125423145390775,104.92170946276342,-0.003708242359933
31123,141.2523956298828,141.68260192871094,140.70745849609375,141.47227478027344,106.06504821777344,-0.0037696806459558,105.43487298470636,-0.0021631416386846
31124,140.89866638183594,141.87380981445312,139.82791137695312,141.38623046875,106.00054168701172,-0.0006081789604175,105.30880277259648,-0.0008401282940457
31154,144.14913940429688,144.14913940429688,142.6195068359375,143.04014587402344,107.24051666259766,-0.010056886292279,108.31029057401008,-0.0020282603283208
31155,143.02102661132812,144.0248565673828,142.46653747558594,143.41299438476562,107.52003479003906,0.0026064600968012,107.99087099846072,-0.0046322840108883
31156,144.27342224121094,144.5889129638672,142.04588317871094,143.48948669433594,107.5773696899414,0.0005332485244662,107.38577589583464,-0.0067909322632162
31157,143.83364868164062,144.55067443847656,142.69598388671875,143.7762908935547,107.7924346923828,0.0019991658381428,106.34468218906235,-0.0083083161650642
31158,143.26004028320312,143.374755859375,141.8546905517578,142.65774536132812,106.95379638671876,-0.0077801221213468,104.97782821129096,-0.0090665034732399
31159,136.2237091064453,136.5965576171875,134.10133361816406,134.45506286621094,100.80408477783205,-0.0574987687828384,103.66042391058588,-0.0090427337373307
31160,134.08221435546875,136.38623046875,133.1739959716797,134.72274780273438,101.0047607421875,0.0019907523072872,102.7566551858036,-0.0083152024461145
31161,135.50669860839844,138.69024658203125,135.3919677734375,137.7533416748047,103.27686309814452,0.0224950026044465,102.31868331016923,-0.0070496187645531
31162,138.25047302246094,139.09178161621094,137.3804931640625,138.31739807128906,103.6997528076172,0.0040947187664948,102.07448160645008,-0.0054679982583472
31163,138.3843231201172,138.62332153320312,136.91204833984375,137.34225463867188,102.96866607666016,-0.0070500334973155,101.71544683653376,-0.0038121099844155
31164,137.1988525390625,137.50477600097656,131.29063415527344,131.7973175048828,98.8115234375,-0.0403728900990634,101.18038562059544,-0.0023140564373413
31165,131.8546905517578,135.0191192626953,131.45315551757812,134.63670349121094,100.94025421142578,0.0215433453495152,100.67201170671356,-0.001175621843845
31166,134.1873779296875,134.6271514892578,132.90631103515625,134.3690185546875,100.73957061767578,-0.0019881423453684,100.44234014214076,-0.0005494847730255
31167,134.26385498046875,135.11471557617188,133.7476043701172,133.91969299316406,100.40271759033205,-0.0033438005073711,100.57358938790377,-0.0005178907948338
31168,134.32122802734375,134.34034729003906,133.43212890625,134.1969451904297,100.61055755615234,0.0020700631497678,100.91597904413794,-0.0010726189995097
31169,133.86233520507812,136.52008056640625,133.7476043701172,135.64053344726562,101.69285583496094,0.0107573032601926,101.18498860688914,-0.0021048434841178
31170,136.28106689453125,136.37667846679688,135.08604431152344,135.4015350341797,101.51366424560548,-0.0017620863125947,101.12657093897651,-0.0034125786540125
31171,135.38241577148438,136.11854553222656,133.48948669433594,133.73805236816406,100.26654052734376,-0.0122852793023447,100.64242544121906,-0.0047290382755083
31172,132.50477600097656,133.41299438476562,131.806884765625,132.170166015625,100.0205307006836,-0.0024535585387338,99.80688400204512,-0.0057687972641519
31173,131.8546905517578,132.0076446533203,128.94837951660156,129.35946655273438,97.89351654052734,-0.0212657755888283,98.78875536369463,-0.0062820104685255
31174,129.4072723388672,129.7705535888672,128.2218017578125,129.51242065429688,98.00928497314452,0.0011825955048743,97.76071049182212,-0.0061035778470141
31175,130.10516357421875,130.2103271484375,128.5850830078125,129.08221435546875,97.68370819091795,-0.0033218973316229,96.869164475679,-0.0051858231807695
31176,128.7762908935547,128.7762908935547,127.16061401367188,127.18929290771484,96.251220703125,-0.0146645486163693,96.25615097933606,-0.0036081885611898
31177,127.1032485961914,127.15105438232422,125.86042022705078,125.95602416992188,95.31792449951172,-0.0096964609570191,96.06197433701618,-0.0015624927289161
31207,132.170166015625,133.90057373046875,132.12237548828125,133.6328887939453,101.1274642944336,0.0157692389335961,100.6350500691082,-0.00068925336271
31208,133.44168090820312,134.26385498046875,133.09751892089844,133.2122344970703,100.80912017822266,-0.003147949159331,100.39237955336162,-0.0018385164648924
31209,132.95411682128906,132.9827880859375,131.52008056640625,131.56787109375,99.5647430419922,-0.0123438944217595,99.80490027405352,-0.0028894823530977
31210,129.63670349121094,129.9904327392578,128.33651733398438,129.9713134765625,98.3565444946289,-0.0121348030482409,98.95556178516172,-0.0037642934499114
31211,130.74569702148438,130.86997985839844,128.91969299316406,129.87571716308594,98.28418731689452,-0.0007356620559025,97.97975828492146,-0.0044495837654836
31212,128.47036743164062,129.61758422851562,127.74378967285156,129.22561645507812,97.79222869873048,-0.005005470682459,97.04975870004807,-0.0050015678759189
31213,127.8202667236328,129.08221435546875,126.60611724853516,127.01720428466795,96.12100982666016,-0.01708948547659,96.34736059700782,-0.0055290905819132
31214,127.32313537597656,127.93498992919922,125.54492950439452,125.84130096435548,95.23113250732422,-0.0092578856687075,95.99691101395868,-0.0061570144879622
31215,126.0133819580078,127.93498992919922,125.96558380126952,127.37093353271484,96.38868713378906,0.012155212229318,95.9724853866406,-0.0069781935590827
31216,127.77246856689452,127.8967514038086,125.36328887939452,127.05545043945312,96.14996337890624,-0.0024766781453458,96.05102963961616,-0.0080072833400166
31217,127.62906646728516,128.374755859375,125.33460998535156,125.40152740478516,94.8983154296875,-0.0130176643363477,95.87693076769268,-0.0091524329583297
31218,126.12810516357422,127.90631103515624,125.44933319091795,127.06501007080078,96.15718841552734,0.0132654934931124,95.1329511164884,-0.0102181370742974
31219,124.29254150390624,125.12428283691406,123.20267486572266,124.31166076660156,94.07357025146484,-0.0216688757064993,93.73386466856344,-0.0109435085850441
31220,124.38814544677734,126.29063415527344,122.42829895019533,122.4760971069336,92.68448638916016,-0.0147659311599589,91.915988069152,-0.0110682209949676
31221,113.25048065185548,118.53728485107422,112.81070709228516,116.5009536743164,88.16275787353516,-0.0487862499085266,90.13451422707044,-0.0104074295642737
31222,115.96558380126952,119.59847259521484,115.2772445678711,117.5047836303711,88.92240905761719,0.0086164634864498,88.81680748796005,-0.0089115406345974
31223,119.1873779296875,119.25430297851562,116.4149169921875,117.11280822753906,88.62577819824219,-0.003335839216668,88.14736896777137,-0.0066912549626525
31224,116.73040008544922,118.76673126220705,116.29063415527344,116.7112808227539,88.32194519042969,-0.0034282689979079,88.03247483243348,-0.0040019978867191
31225,116.8738021850586,118.17399597167967,116.86424255371094,117.1988525390625,88.69091033935547,0.0041775025236396,88.22999328807786,-0.0011960229119666
31226,117.33269500732422,117.94454956054688,115.34416961669922,115.64053344726562,87.51165008544922,-0.0132962921385526,88.5136415329698,0.0013432215817428
31227,115.9273452758789,117.42829895019533,115.68833923339844,116.84512329101562,88.42322540283203,0.0104166167189478,88.77400832592937,0.0032711554640699
31228,117.85850524902344,119.3021011352539,117.55258178710938,119.3021011352539,90.28253173828124,0.0210273525646538,89.0488867751816,0.004345999824725
31229,118.92925262451172,119.78011322021484,118.26959991455078,119.34034729003906,90.3115005493164,0.0003208683947759,89.49136880533091,0.0044768566980091
31230,118.23136138916016,118.6806869506836,117.24665069580078,117.53346252441406,88.94412231445312,-0.0151406878032837,90.24904751508448,0.0037473295718859
31231,118.53728485107422,119.93307495117188,116.91204833984376,119.23518371582033,90.23191833496094,0.0144787085081905,91.27280333127472,0.0024098904175326
31232,119.57935333251952,122.84894561767578,119.50286865234376,122.0363311767578,92.35169982910156,0.0234925903522467,92.20048461915724,0.0008503168009139
31497,173.9961700439453,174.47418212890625,172.9636688232422,173.6615753173828,137.50595092773438,0.002760163951847,136.89510164068352,-0.0002850728812757
31498,172.28489685058594,173.50860595703125,171.97897338867188,173.374755859375,137.27880859375,-0.0016518727549744,136.7735510193056,-0.0005787477918207
31499,173.2218017578125,173.27915954589844,171.3957977294922,171.51051330566406,135.80270385742188,-0.0107526045093847,136.6721434966904,-0.0007604813093439
31500,171.49139404296875,172.68641662597656,171.46270751953125,171.91204833984375,136.1206817626953,0.0023414696190973,136.64389833697268,-0.0008996756280402
31501,172.5430145263672,174.52198791503906,172.11280822753906,173.94837951660156,137.73301696777344,0.0118448951636092,136.69954122222725,-0.0010621703045008
31502,173.88145446777344,173.88145446777344,172.49522399902344,172.5908203125,136.65811157226562,-0.0078042681353542,136.78141650210875,-0.0012930473268037
31503,172.5908203125,173.34608459472656,171.8546905517578,172.13192749023438,136.29473876953125,-0.0026589918341014,136.78624683270894,-0.0016055246403078
31504,171.81643676757812,173.0305938720703,171.67303466796875,172.53346252441406,136.61268615722656,0.0023327928177252,136.60889171160238,-0.0019791823355049
31505,172.76290893554688,173.31739807128906,172.27532958984375,172.44741821289062,136.54454040527344,-0.0004988244786775,136.18814066462127,-0.0023675108667345
31506,172.8011474609375,172.9923553466797,171.4149169921875,171.55831909179688,135.84054565429688,-0.0051557883521894,135.5467709698651,-0.0027121854769264
31507,171.27151489257812,171.3671112060547,168.1453094482422,169.3881378173828,134.12220764160156,-0.0126496695402589,134.8019976740428,-0.0029599720362611
31508,170.3728485107422,171.5965576171875,169.61758422851562,170.0095672607422,134.61428833007812,0.003668897918766,134.12322478430784,-0.0030771937433453
31509,170.0286865234375,170.2294464111328,168.6615753173828,168.69981384277344,133.5771942138672,-0.00770419046207,133.650794738801,-0.0030570949402309
31510,168.43212890625,169.04397583007812,167.50477600097656,167.9923553466797,133.01702880859375,-0.0041935706807598,133.42200905136224,-0.0029180367069543
31511,167.9827880859375,168.52772521972656,167.06500244140625,168.07839965820312,133.0851593017578,0.0005121937677776,133.35160878704224,-0.0026940582252348
31512,170.6118621826172,171.12811279296875,169.04397583007812,169.4455108642578,134.1676483154297,0.0081338071002901,133.28692858648827,-0.0024221315545622
31513,168.53729248046875,169.01528930664062,167.92543029785156,167.92543029785156,132.96400451660156,-0.0089711924889549,133.1081312724362,-0.0021314726800145
31514,167.92543029785156,168.43212890625,167.4378662109375,167.97323608398438,133.00189208984375,0.0002849460903342,132.80031494449906,-0.0018389317537162
31515,168.26959228515625,168.47991943359375,166.1950225830078,166.2332763671875,131.62416076660156,-0.0103587347637995,132.44146043000998,-0.0015509871702331
31516,166.38623046875,167.3613739013672,165.2007598876953,167.09368896484375,132.3054656982422,0.0051761388461859,132.12685975843317,-0.0012694451347175
31517,166.7590789794922,167.94454956054688,165.92733764648438,167.13192749023438,132.33570861816406,0.0002285840555587,131.90482142412066,-0.0009971186292072
31518,167.41873168945312,167.7820281982422,165.7648162841797,166.1854705810547,131.58633422851562,-0.0056626771222471,131.77142158756394,-0.0007413968670378
31519,165.09559631347656,166.50096130371094,164.52198791503906,166.12811279296875,131.54092407226562,-0.0003450978136615,131.70623710175605,-0.0005154236899231
31520,166.29063415527344,167.30401611328125,165.3919677734375,166.8355712890625,132.10108947753906,0.0042584876852902,131.70244171373076,-0.0003372657505131
31521,166.63479614257812,166.81643676757812,165.8317413330078,166.29063415527344,131.66961669921875,-0.0032662317928398,131.76445861367927,-0.000227648776981
31522,166.21414184570312,166.91204833984375,166.05162048339844,166.21414184570312,131.60903930664062,-0.0004600711545815,131.87735893570746,-0.0002072088774302
31523,166.32887268066406,167.25621032714844,166.05162048339844,166.48184204101562,131.8209991455078,0.0016105264500361,131.9756474546591,-0.0002943121111142
31524,166.1759033203125,167.1797332763672,165.75526428222656,166.8260040283203,132.093505859375,0.0020672481291572,131.9482612526503,-0.0005041253349283
31525,165.88909912109375,167.26577758789062,165.64053344726562,166.84512329101562,132.10865783691406,0.0001147064531332,131.69412248816894,-0.0008490910661643
31526,167.0172119140625,168.57553100585938,165.2103271484375,165.27725219726562,130.8671875,-0.0093973427422647,131.19617207410218,-0.0013401077986866
31527,165.84129333496094,165.84129333496094,164.67495727539062,164.86614990234375,130.54165649414062,-0.0024874914184227,130.55754085119685,-0.0019864131295015
31528,164.51242065429688,165.32504272460938,163.7476043701172,164.56979370117188,130.30703735351562,-0.0017972741186682,129.96622261800826,-0.0027915393149159
31529,164.94264221191406,164.9713134765625,163.47991943359375,163.67112731933594,129.59547424316406,-0.0054606652472738,129.5963767776484,-0.003744178480561
31530,163.1453094482422,163.69981384277344,161.5487518310547,163.07839965820312,129.1261444091797,-0.0036214986420263,129.4863019245507,-0.0048060046128716
31531,163.51815795898438,163.67112731933594,162.5430145263672,163.15487670898438,129.18673706054688,0.0004692516116269,129.4591157358435,-0.0059015439144559
31532,162.44741821289062,163.8240966796875,162.07456970214844,162.07456970214844,128.331298828125,-0.006621718698731,129.16395237049238,-0.0069165511999328
31533,162.28489685058594,163.7667236328125,162.16061401367188,163.57553100585938,129.51976013183594,0.0092608842469728,128.26676533158073,-0.0077104511171893
31534,163.27915954589844,164.1395721435547,162.3613739013672,162.5717010498047,128.72491455078125,-0.0061368673030711,126.69633350641186,-0.0081446808508149
31535,154.64627075195312,155.48757934570312,152.58126831054688,154.579345703125,122.39657592773438,-0.0491617232385139,124.75207418132868,-0.0081218593480805
31536,154.22561645507812,155.2581329345703,153.44168090820312,155.1625213623047,122.85832977294922,0.0037726042719321,122.95183517665156,-0.007622698251348
31537,154.92352294921875,154.9808807373047,153.32696533203125,153.32696533203125,121.4049072265625,-0.0118300692274813,121.72102637375792,-0.0067243288381649
31538,154.1969451904297,154.46463012695312,153.36520385742188,153.68069458007812,121.68499755859376,0.0023070758705705,121.16844099487194,-0.0055900590103306
31539,154.66539001464844,154.91395568847656,153.32696533203125,153.33651733398438,121.41243743896484,-0.0022398826897102,121.0993042800964,-0.0044332122387433
31540,153.47036743164062,154.01528930664062,152.85850524902344,153.02102661132812,121.1626434326172,-0.0020574004740924,121.20423102340828,-0.0034676738032621
31541,153.2409210205078,153.4225616455078,152.6099395751953,153.26959228515625,121.35948181152344,0.0016245797659217,121.25178767102744,-0.0028600965496106
31542,153.44168090820312,153.52772521972656,152.67686462402344,153.2409210205078,121.33678436279295,-0.0001870265791488,121.1598886469384,-0.0026953279058971
31543,153.011474609375,153.36520385742188,151.72084045410156,151.8546905517578,120.23915100097656,-0.009046171509989,120.93781830454816,-0.0029613061581504
31544,152.4282989501953,152.47610473632812,151.66348266601562,152.10325622558594,120.43595886230467,0.00163680348447,120.58240899887385,-0.0035545838550779
31545,151.7590789794922,152.4378662109375,151.5487518310547,151.65391540527344,120.08015441894533,-0.0029543040693198,120.0321942087456,-0.004303766835651
31546,151.90248107910156,152.14149475097656,151.3957977294922,152.05545043945312,120.39810943603516,0.0026478564974234,119.22146583490483,-0.0050058394568634
31547,146.76864624023438,148.92926025390625,146.27151489257812,148.23135375976562,117.37020111083984,-0.0251491351432222,118.17706916088824,-0.0054686995651754
31548,146.08030700683594,146.72084045410156,145.50669860839844,146.30018615722656,116.97270965576172,-0.0033866471328847,117.05878651583788,-0.0055512767389704
31549,145.88909912109375,146.3671112060547,144.89483642578125,145.420654296875,116.26950073242188,-0.0060117349201306,116.101711917909,-0.0051916247572599
31550,144.9808807373047,145.66921997070312,144.48374938964844,144.5984649658203,115.61213684082033,-0.0056537947394681,115.50404635147576,-0.0044158744219603
31551,144.4072723388672,144.50286865234375,143.2026824951172,144.0248565673828,115.15349578857422,-0.0039670666486996,115.3310762727961,-0.0033267372589779
31552,143.69024658203125,144.6080322265625,143.4034423828125,143.75717163085938,114.93946075439452,-0.0018586933267981,115.48420162070964,-0.0020761854079782
31553,143.9961700439453,145.15296936035156,143.83364868164062,144.84703063964844,115.81082916259766,0.0075811075020189,115.7566035119216,-0.0008306286139315
31774,146.5965576171875,146.63479614257812,141.90248107910156,143.47036743164062,118.2335433959961,-0.021899467334306,119.7599989461495,0.0013281011379882
31775,144.1682586669922,144.35946655273438,141.7781982421875,143.26004028320312,118.06022644042967,-0.0014658865038488,119.72226198025476,0.0030350252713498
31776,141.38623046875,147.67686462402344,140.965576171875,147.34225463867188,121.42437744140624,0.0284952104735631,119.74125702967648,0.0044765210842148
31777,147.64817810058594,148.10707092285156,146.5965576171875,147.25621032714844,121.3534927368164,-0.0005837765536333,119.83502036769823,0.0055047993835302
31778,146.71128845214844,147.1797332763672,142.9636688232422,143.94837951660156,118.62750244140624,-0.0224632207440631,120.08099340694316,0.005969876892961
31779,145.12428283691406,147.85850524902344,145.06692504882812,145.9751434326172,120.29774475097656,0.0140797224521802,120.63913995244224,0.0057423760110719
31780,148.2122344970703,149.71319580078125,147.94454956054688,148.55641174316406,122.42495727539062,0.0176828961242583,121.62951970862628,0.0047465119960608
31781,147.58126831054688,148.92926025390625,147.11280822753906,148.52772521972656,122.40131378173828,-0.0001931264194697,122.96094803376845,0.0029967964642618
31782,149.85659790039062,151.988525390625,149.78012084960938,151.11854553222656,124.5363998413086,0.0174433263304472,124.24948633579852,0.0006253751972617
31783,151.69215393066406,152.2179718017578,149.0535430908203,149.818359375,123.46492767333984,-0.0086036867079349,124.90405977576812,-0.0021147632053899
31784,151.0420684814453,152.14149475097656,150.73614501953125,150.9464569091797,124.39460754394533,0.0075299106242154,124.38385485641405,-0.0048795467893772
31785,151.8355712890625,154.87571716308594,151.53919982910156,153.83364868164062,126.77389526367188,0.0191269361807826,122.53321717527037,-0.0072951723134441
31786,145.44932556152344,145.91778564453125,141.73995971679688,142.2466583251953,117.22510528564452,-0.0753214213239028,119.77802655833472,-0.0090384182286356
31787,142.62905883789062,142.64817810058594,140.17208862304688,141.20458984375,116.36634063720705,-0.0073257741705149,116.9790552308761,-0.0099128491295555
31788,141.3957977294922,141.46270751953125,138.15487670898438,138.52772521972656,114.16036224365234,-0.0189571862574267,114.98307519754904,-0.0098934308362649
31789,138.65200805664062,139.54110717773438,137.9827880859375,139.4455108642578,114.9167022705078,0.0066252420016081,114.1812847005542,-0.0091209285274123
31790,140.06692504882812,140.82217407226562,138.1739959716797,139.15870666503906,114.68036651611328,-0.002056583157409,114.37504605774144,-0.0078482667727754
31791,139.3785858154297,139.96176147460938,137.7724609375,139.52198791503906,114.97969818115234,0.0026101387197521,114.98421318878296,-0.0063609865816056
31792,140.15296936035156,140.87954711914062,139.7705535888672,140.26768493652344,115.59423828125,0.0053447705100899,115.40318038947886,-0.0049012685712406
31793,140.38241577148438,140.77438354492188,139.25430297851562,140.03823852539062,115.40514373779295,-0.0016358474805375,115.28285509579374,-0.0036189317189343
31794,140.4015350341797,140.89866638183594,138.5850830078125,138.5850830078125,114.20761108398438,-0.0103767701769813,114.62587725766092,-0.0025596690887457
31795,138.28871154785156,138.64244079589844,137.16061401367188,138.62332153320312,114.23912048339844,0.0002758957928896,113.70243635168282,-0.0016868467912536
31796,138.10707092285156,138.4512481689453,135.82217407226562,136.1854705810547,112.2301025390625,-0.017586076782059,112.86786901412091,-0.0009229555502574
31797,135.87954711914062,135.9751434326172,133.7476043701172,135.74569702148438,111.86767578125,-0.0032293186018105,112.3872114384648,-0.0001930721125598
31879,140.4110870361328,141.42446899414062,140.15296936035156,141.05162048339844,118.80043029785156,0.0064806442599245,118.19604857905342,-0.0001058289251055
31880,140.56405639648438,140.82217407226562,138.86233520507812,139.51242065429688,117.50404357910156,-0.0109123065926592,118.12813038095624,-0.0003957135211158
31881,139.31166076660156,140.32504272460938,139.1395721435547,140.03823852539062,117.9468994140625,0.0037688561301536,117.94924798608608,-0.0005410202016536
31882,139.5602264404297,139.76100158691406,138.44168090820312,139.27342224121094,117.302734375,-0.0054614834494385,117.73933914202324,-0.0005080007814363
31883,138.8049774169922,140.29637145996094,138.67112731933594,140.2103271484375,118.09185791015624,0.0067272390482691,117.55263808053624,-0.0002876580902274
31884,140.420654296875,141.16635131835938,139.1395721435547,139.9521942138672,117.87442779541016,-0.0018411948003349,117.43239411304548,0.0001012702736368
31885,139.52198791503906,140.05735778808594,138.73805236816406,139.0535430908203,117.11753845214844,-0.0064211496710331,117.43655277687292,0.0006145139623023
31886,140.15296936035156,140.82217407226562,139.15870666503906,139.24473571777344,117.27857971191406,0.0013750396558362,117.61953196262108,0.0011896016676439
31887,139.579345703125,140.52581787109375,138.86233520507812,140.0478057861328,117.95496368408205,0.0057673274508394,117.97861011475509,0.00175794624832
31888,139.93307495117188,141.47227478027344,139.6080322265625,140.12428283691406,118.01937866210938,0.0005460980701061,118.43204335349684,0.0022597135363266
31889,140.86997985839844,142.44741821289062,140.6501007080078,142.3996124267578,119.93575286865234,0.0162377927105477,118.87297871035052,0.002657165548393
31890,142.30401611328125,142.73422241210938,141.28106689453125,141.806884765625,119.43655395507812,-0.0041622193685724,119.25738927682325,0.0029413869755177
31891,141.91204833984375,142.51434326171875,141.27151489257812,141.4340362548828,119.1225128173828,-0.0026293553128922,119.6320915127814,0.0031295666110257
31892,141.26194763183594,142.4378662109375,140.98471069335938,142.02676391601562,119.62173461914062,0.004190826653591,120.06140288361992,0.0032541889533966
31893,142.09368896484375,143.36520385742188,141.71128845214844,142.50477600097656,120.02432250976562,0.0033655078812122,120.524750420966,0.0033485098661579
31894,143.0019073486328,144.72274780273438,142.86807250976562,144.50286865234375,121.70723724365234,0.0140214474757796,120.90360828639344,0.0034324102477618
31895,144.818359375,145.88909912109375,144.11090087890625,144.69407653808594,121.86829376220705,0.001323310940271,121.08754314878898,0.0035005496124132
31896,144.45506286621094,144.55067443847656,142.88719177246094,143.43212890625,120.8053970336914,-0.0087216838416528,121.09673200754987,0.0035141440632975
31897,143.31739807128906,143.79541015625,141.8355712890625,142.3613739013672,119.9035415649414,-0.0074653574334802,121.0949399502444,0.0033996995436569
31898,145.69789123535156,146.6061248779297,144.68450927734375,144.94264221191406,122.07763671875,0.0181320345123507,121.27933867450125,0.0030593485911651
31899,145.32504272460938,145.68833923339844,144.51242065429688,144.8374786376953,121.9890365600586,-0.0007257689538627,121.74512877370448,0.0023942778289363
31900,144.51242065429688,144.96176147460938,144.15870666503906,144.5602264404297,121.75553131103516,-0.0019141494646404,122.41803975925248,0.0013361379541566
31901,145.03823852539062,146.67303466796875,145.03823852539062,146.27151489257812,123.19683074951172,0.0118376506016357,123.07382617832896,-0.0001236754114556
31902,146.26194763183594,147.07456970214844,145.7935028076172,146.988525390625,123.80077362060548,0.0049022598018102,123.4191249447289,-0.0019174678067442
31903,147.2275390625,147.5717010498047,146.08030700683594,146.48184204101562,123.3740005493164,-0.0034472569016164,123.19774736798672,-0.0039048548649856
31904,145.0191192626953,146.08030700683594,143.7476043701172,144.6558380126953,121.83606719970705,-0.0124656195208211,122.28171175519452,-0.0058982360502922
31905,144.26385498046875,145.11471557617188,141.3671112060547,142.47610473632812,120.00020599365234,-0.0150682901069472,120.72238965466896,-0.0077043782389767
31906,141.9694061279297,142.51434326171875,140.70745849609375,141.86424255371094,119.48486328125,-0.0042945152313288,118.76645972732008,-0.009170211410906
31907,141.56787109375,141.8355712890625,140.46844482421875,140.7648162841797,118.55885314941406,-0.0077500204327659,116.82516880731268,-0.01021955962247
31908,141.0133819580078,141.1950225830078,136.2332763671875,136.4149169921875,114.89517211914062,-0.0309017920884936,115.33560072610912,-0.0108706741609626
31909,136.34799194335938,137.8489532470703,132.67686462402344,132.90631103515625,111.9400634765625,-0.0257200419136308,114.49690025379634,-0.0112291235291156
31910,134.91395568847656,135.31549072265625,132.9636688232422,134.6558380126953,113.41357421875,0.013163390268186,114.04614039470296,-0.0114561804969039
31911,134.2064971923828,136.0038299560547,133.97705078125,134.92352294921875,113.63904571533205,0.0019880468289197,113.34542554139712,-0.011721163190673
31912,136.6443634033203,139.0535430908203,135.35372924804688,138.73805236816406,116.85184478759766,0.0282719645526918,111.83953977529076,-0.0121547668577543
31913,129.91395568847656,131.11854553222656,127.55258178710938,128.15487670898438,107.93817138671876,-0.0762818372023251,109.54198973398545,-0.0128205173064403
31914,126.8929214477539,127.53346252441406,124.32122039794922,124.8087921142578,105.11993408203124,-0.0261097373476005,107.0822898670867,-0.0137085494639719
31915,124.9043960571289,126.0898666381836,122.33269500732422,123.4225616455078,103.952392578125,-0.0111067564311364,105.22501122566348,-0.0147399597685509
31916,123.88145446777344,124.7036361694336,122.75334930419922,124.3021011352539,104.69316864013672,0.0071261088238541,104.27495590786825,-0.0157677577749919
31917,123.34607696533205,126.09942626953124,122.76290893554688,125.43977355957033,105.65138244628906,0.0091525915071499,103.86564405317723,-0.0165751428594243
31918,125.40152740478516,125.8986587524414,121.4149169921875,121.6156768798828,102.43053436279295,-0.0304856217582719,103.24875372658737,-0.0168874385887529
31919,121.65392303466795,122.17017364501952,119.63671112060548,120.88909912109376,101.8185806274414,-0.0059743292286663,101.80699577176236,-0.0164138394430008
31920,119.7036361694336,120.24856567382812,118.26959991455078,119.3021011352539,100.48191833496094,-0.013127881809425,99.43617207512096,-0.0149193862037982
31921,114.09178161621094,118.4990463256836,113.0975112915039,114.37858581542967,96.33512878417967,-0.0412690125695824,96.61017756993442,-0.0123088915971198
31922,115.181640625,116.15679168701172,110.08604431152344,110.3250503540039,92.9210433959961,-0.0354396722283122,94.14173002638891,-0.0086933211028597
31923,111.36711120605467,111.37667083740234,109.0726547241211,110.35372924804688,92.9451904296875,0.0002598661488173,92.791368883377,-0.0044094537344668
32245,147.58126831054688,148.02102661132812,146.66348266601562,147.52389526367188,133.2465362548828,-0.0064388176359728,131.94361581819066,-0.0030905325738836
32246,147.62905883789062,147.76290893554688,143.18356323242188,144.07266235351562,130.12933349609375,-0.0233942498349546,131.3889649526375,-0.0065149176229418
32247,143.2026824951172,144.72274780273438,143.0592803955078,144.45506286621094,130.47471618652344,0.0026541493846969,131.04120712887584,-0.0094999348272781
32248,144.87571716308594,145.2103271484375,143.69981384277344,144.22561645507812,130.2674560546875,-0.0015885080105454,130.76723894257458,-0.0119673997126538
32249,144.17782592773438,144.9521942138672,142.93499755859375,144.56979370117188,130.5783233642578,0.0023863773730241,130.16804805064388,-0.0138481557134033
32250,144.397705078125,144.397705078125,142.29444885253906,143.25047302246094,129.38670349121094,-0.0091257097069837,128.75097285762956,-0.0150767749792429
32251,139.11090087890625,141.53919982910156,138.9866180419922,139.9904327392578,126.44217681884766,-0.0227575677632385,126.24743675543816,-0.0156134316783994
32252,140.06692504882812,140.602294921875,135.0478057861328,135.47801208496094,122.366455078125,-0.0322338783091491,122.85477333464463,-0.0154870094901668
32253,136.6156768798828,137.72467041015625,133.46080017089844,133.6042022705078,120.67401123046876,-0.0138309461247013,119.22326308135648,-0.0148393650138737
32254,131.20458984375,132.5908203125,127.16061401367188,127.25621032714844,114.94036102294922,-0.047513546198188,116.16947175764898,-0.0139447605328835
32255,124.26386260986328,125.3250503540039,120.80306243896484,124.42638397216795,112.3843994140625,-0.0222372853725105,114.26394463618767,-0.0131844032132331
32256,125.0,128.52772521972656,122.32313537597656,128.3938751220703,115.96792602539062,0.0318863350252482,113.5325241430622,-0.0129720581651134
32257,128.5659637451172,130.11471557617188,122.1797332763672,123.23136138916016,111.30503845214844,-0.0402084242863951,113.45568469387462,-0.0136473582799407
32258,125.7935028076172,128.374755859375,123.32695770263672,128.31739807128906,115.89884948730467,0.0412722649310361,113.25386587603138,-0.0153697862901962
32259,124.76099395751952,126.47227478027344,122.8011474609375,123.85277557373048,111.8663101196289,-0.0347936099928022,112.25426519757691,-0.0180494103088013
32260,121.12810516357422,122.6864242553711,119.04397583007812,122.11280822753906,110.29473114013672,-0.0140487245696363,110.11322459298006,-0.0213382542145966
32261,114.87571716308594,117.02677154541016,112.12236785888672,112.62906646728516,101.72882843017578,-0.0776637525783293,106.83736082583012,-0.0246852652880485
32262,117.38050079345705,119.38814544677734,110.6692123413086,119.2829818725586,107.73878479003906,0.0590782028320355,102.73211134071568,-0.0274390108780981
32263,115.68833923339844,117.18929290771484,111.26194763183594,112.7820281982422,101.8669891357422,-0.0545002959309388,98.37460209295482,-0.0289734167993908
32264,104.82791900634766,104.97132110595705,97.7820281982422,98.2887191772461,88.7763442993164,-0.1285072322986,94.49541367967164,-0.028810809032955
32265,103.90057373046876,104.35946655273438,96.37667083740234,103.20267486572266,93.2147216796875,0.0499950455878961,91.63848426897847,-0.0267160282438634
32266,93.69024658203124,102.6864242553711,90.82218170166016,94.7227554321289,85.55548858642578,-0.0821676335587959,89.79475554425267,-0.0227387049684798
32267,96.18547058105467,102.67686462402344,92.82982635498048,101.95984649658205,92.0921859741211,0.0764030162844797,88.4264169915455,-0.0171969917461652
32268,95.03823852539062,102.22753143310548,95.02867889404295,98.99617767333984,89.41534423828125,-0.0290669800865848,86.99791074135852,-0.0106184399044463
32269,97.82982635498048,99.13002014160156,93.91969299316406,95.9273452758789,86.64349365234375,-0.0309997194502863,85.57575631873505,-0.0036623331342904
32664,135.95602416992188,136.0420684814453,134.13002014160156,134.29254150390625,130.94679260253906,-0.0137611215391052,131.76384557582563,-0.0001911161538288
32665,134.34034729003906,135.1912078857422,133.51815795898438,134.56979370117188,131.21713256835938,0.0020645023864072,132.45839720271454,-0.0020617775245678
32666,134.8374786376953,137.5908203125,134.8087921142578,137.08413696289062,133.66883850097656,0.0186843431541985,133.50275920570382,-0.0045181105459446
32667,137.08413696289062,138.47991943359375,136.51051330566406,138.25047302246094,134.80612182617188,0.0085082158111742,134.1909017445158,-0.0074492261974278
32668,137.66729736328125,138.5659637451172,135.52581787109375,136.06118774414062,132.67137145996094,-0.015835707883976,133.7088468489988,-0.0105746385222295
32669,134.87571716308594,136.65391540527344,134.34034729003906,135.73614501953125,132.35443115234375,-0.0023889125749546,131.59185494727845,-0.013480910284463
32670,135.44932556152344,135.9464569091797,134.51242065429688,135.65965270996094,132.27984619140625,-0.0005635244720416,128.06605582147694,-0.0157053484029159
32671,127.6386260986328,127.83938598632812,122.46653747558594,122.6864242553711,119.62982940673828,-0.0956307188803625,124.00770504022525,-0.0168449500594909
32672,122.41873931884766,124.52198791503906,121.04206848144533,122.25621032714844,119.21033477783205,-0.0035066055931582,120.48502676100064,-0.0166568507345712
32673,121.9216079711914,122.99235534667967,121.35755157470705,122.02677154541016,118.98661041259766,-0.0018767195449231,118.18487126506358,-0.0151174184016837
32674,121.91204833984376,122.65774536132812,121.18547058105467,121.53919982910156,118.5111846923828,-0.0039956236972065,117.14396722102718,-0.0124236716873469
32675,121.83556365966795,122.25621032714844,119.5124282836914,119.66539001464844,116.68406677246094,-0.0154172614564985,116.929584577566,-0.0089443754577482
32676,119.66539001464844,120.75525665283205,119.13957977294922,120.30592346191406,117.3086395263672,0.0053526824285634,117.0387877705048,-0.0051432502952244
32677,119.91395568847656,120.76481628417967,119.41682434082033,119.59847259521484,116.61881256103516,-0.0058804446809477,117.19261964468816,-0.0014970283981547
32678,119.55066680908205,120.75525665283205,118.39388275146484,120.72657775878906,117.71881103515624,0.0094324273242396,117.38568357943562,0.0015761935642987
32679,120.74569702148438,121.5774383544922,119.41682434082033,120.63097381591795,117.6255874633789,-0.0007919173746113,117.75071624344156,0.003769772644222
32680,120.67877960205078,121.6921615600586,120.15296173095705,121.53919982910156,118.5111846923828,0.0075289505294042,118.36976297076,0.0049188962074748
32681,123.0500030517578,123.33999633789062,119.9000015258789,120.8499984741211,117.8391571044922,-0.0056705836637694,119.148478566981,0.0050086073790678
32682,121.43000030517578,123.7699966430664,121.43000030517578,123.61000061035156,120.5303955078125,0.0228382353493403,119.8276267435969,0.0041618225697357
32683,123.98999786376952,124.77999877929688,123.52999877929688,124.54000091552734,121.43722534179688,0.0075236609833044,120.1304388443025,0.0026102504053096
32684,122.55999755859376,122.9000015258789,120.26000213623048,120.8499984741211,119.41162109375,-0.0166802579879902,119.9408742661638,0.0006516335045607
32685,121.0,122.43000030517578,119.93000030517578,120.22000122070312,118.78912353515624,-0.0052130400114495,119.36729081489416,-0.001400537762915
32686,120.9000015258789,121.79000091552734,120.08000183105467,120.2699966430664,118.8385238647461,0.000415865763798,118.64177145501164,-0.0032648840713757
32687,120.0,120.63999938964844,118.77999877929688,118.95999908447266,117.54412078857422,-0.0108921167486485,117.95148087270232,-0.0047272221869079
32688,119.54000091552734,120.16000366210938,118.30999755859376,118.87000274658205,117.45519256591795,-0.0007565518552494,117.3431514643974,-0.005657338166853
32689,118.91999816894533,119.9000015258789,118.41999816894533,118.45999908447266,117.0500717163086,-0.0034491523172294,116.75962094418176,-0.0060084353502347
32690,118.37999725341795,119.33000183105467,117.77999877929688,118.05999755859376,116.6548309326172,-0.0033766812603868,116.154187210506,-0.0058044292018747
32691,118.36000061035156,118.36000061035156,116.30999755859376,116.66000366210938,115.27149963378906,-0.0118583284358552,115.57501766731056,-0.0051210500650981
32692,116.48999786376952,116.55999755859376,115.2699966430664,116.0500030517578,114.66875457763672,-0.0052289165844743,115.14876237783416,-0.0040651734445623
32693,116.0,118.80999755859376,115.19000244140624,116.47000122070312,115.08375549316406,0.0036191281317734,114.98506423646576,-0.0027549488793082
32694,116.79000091552734,117.94000244140624,116.04000091552734,116.79000091552734,115.3999481201172,0.0027475000759071,115.08744454146844,-0.0013029300828152
