,open,high,low,close,adjcp,pct_return,adjcp_filtered,pct_return_filtered
30204,178.51815795898438,180.4110870361328,177.8202667236328,178.10707092285156,122.93230438232422,0.0,122.93066025320714,3.977930050159105e-05
30205,177.4091796875,178.13575744628906,176.806884765625,177.3804931640625,122.4307632446289,-0.0040798156368687,122.13626060554792,-0.0020212196580109
30206,176.68260192871094,176.89292907714844,175.0478057861328,176.53919982910156,121.85009765625,-0.0047428078776138,121.4162860810422,-0.0037545996090203
30207,176.28106689453125,176.3671112060547,174.29254150390625,174.51242065429688,120.45116424560548,-0.0114807738159639,120.82342474314213,-0.0048822464731667
30208,174.1873779296875,174.25430297851562,172.34225463867188,173.6042022705078,119.82424926757812,-0.0052047232748124,120.351805366852,-0.0052137385975055
30209,175.17208862304688,175.64053344726562,173.23135375976562,173.33651733398438,119.63955688476562,-0.0015413606506314,119.91884138058822,-0.0046710192031409
30210,172.7820281982422,174.7705535888672,172.5621337890625,174.30210876464844,120.30602264404295,0.0055706137387256,119.4246689140889,-0.0032971106531771
30211,173.86233520507812,173.91014099121094,170.53536987304688,172.6099395751953,119.13805389404295,-0.0097083148817557,118.87807236633496,-0.0012500788469525
30212,171.58700561523438,171.71128845214844,169.55067443847656,171.28106689453125,118.2208480834961,-0.0076986804851,118.48401863260167,0.001216057197219
30213,172.4282989501953,173.9961700439453,171.4340362548828,172.08413696289062,118.775146484375,0.0046886687912053,118.58493808515146,0.0037833531969462
30214,171.92160034179688,173.61376953125,171.6061248779297,173.10707092285156,119.48116302490234,0.005944143715455,119.456297713144,0.0061149810491154
30215,173.79541015625,174.34034729003906,172.41873168945312,172.58126831054688,119.11827850341795,-0.0030371693101844,121.08418556193529,0.0079096731943422
30216,177.6003875732422,180.6596527099609,176.625244140625,180.2294464111328,124.39714813232422,0.0443162014699094,123.095944169139,0.0089558412945432
30217,179.64627075195312,182.14149475097656,179.4168243408203,181.625244140625,125.36052703857422,0.0077443809662358,124.9275812934355,0.0091709766904903
30218,180.3346099853516,183.8432159423828,180.2294464111328,183.489486694336,126.64729309082033,0.0102645233124312,126.13321957846192,0.0086126592059403
30219,182.9158630371093,183.78585815429688,181.27151489257807,183.2982788085937,126.51529693603516,-0.0010422343151899,126.61532398295554,0.0074557107464536
30220,183.3556365966797,184.3116607666016,182.0936889648437,182.58126831054688,126.02033996582033,-0.0039122302377796,126.6128631196392,0.0059428771137712
30221,181.65391540527344,183.3365173339844,181.46270751953125,182.08413696289065,125.67728424072266,-0.0027222250407411,126.48403725502672,0.0043263057427616
30222,181.06118774414065,184.2543029785156,179.94264221191406,184.034423828125,127.0234146118164,0.0107110077944982,126.47313169505254,0.0028181017209583
30223,184.5984649658203,184.6080322265625,182.6003875732422,184.1300201416016,127.0894012451172,0.0005194840140492,126.62631386830014,0.0015611922049864
30224,184.71319580078125,186.24282836914065,183.9483795166016,184.14913940429688,127.10260009765624,0.0001038548644476,126.86571376411734,0.0006223157517962
30225,184.24473571777344,184.82791137695312,182.9158630371093,183.1070709228516,126.38336181640624,-0.0056587220143206,127.10686889761624,2.5570236888175712e-06
30226,184.4455108642578,185.5927276611328,184.0726623535156,185.1242828369141,127.77560424804688,0.0110160262524359,127.31532612525488,-0.0003412979805464
30227,184.01528930664065,185.238998413086,183.5564117431641,184.34034729003903,127.23455047607422,-0.0042344058958416,127.49144121614032,-0.0004714293644661
30228,183.9866180419922,185.602294921875,183.52772521972656,184.84703063964844,127.5843276977539,0.0027490742127112,127.63357912797532,-0.0004462647839015
30229,184.30210876464844,185.06692504882807,183.2982788085937,184.46463012695312,127.81612396240234,0.0018168082932377,127.72258271110933,-0.0003057882843698
30230,184.5411071777344,185.90821838378903,184.08221435546875,184.6367034912109,127.93533325195312,0.0009326623735346,127.73501271738726,-6.764027691761866e-05
30231,183.32696533203125,183.96749877929688,182.8680725097656,183.9579315185547,127.46502685546876,-0.0036761259343276,127.66707514895268,0.0002665517362795
30232,184.8087921142578,185.17208862304688,183.307846069336,184.14913940429688,127.59751892089844,0.0010394385714906,127.5476341815406,0.000698124190513
30233,183.32696533203125,184.1300201416016,182.4378662109375,183.7667236328125,127.33253479003906,-0.0020767185216481,127.434368507752,0.001216981831558
30234,183.852767944336,184.93307495117188,182.8489532470703,183.79541015625,127.35242462158205,0.0001562038451192,127.40304950088024,0.0017913772129334
30235,184.1395721435547,184.75143432617188,183.5564117431641,184.53155517578125,127.8625030517578,0.0040052510322547,127.53675429144792,0.0023657425130828
30236,185.1912078857422,185.3346099853516,183.8432159423828,184.91395568847656,128.1274871826172,0.0020724146996569,127.90503030471602,0.0028677505889222
30237,185.2103271484375,185.6978912353516,183.9961700439453,184.88528442382807,128.1076202392578,-0.0001550560601493,128.52116494608282,0.0032230782573983
30238,184.5411071777344,186.1759033203125,184.2734222412109,185.3441619873047,128.42552185058594,0.0024815199184435,129.29760525453392,0.0033742952825344
30239,185.3441619873047,190.46844482421875,184.7801208496093,188.9196929931641,130.90304565429688,0.0192915221835217,130.05446842113113,0.0032988256970724
30240,189.6558380126953,189.82791137695312,187.9636688232422,189.06309509277344,131.00242614746094,0.0007591916037348,130.6107295499636,0.0030200137177568
30241,188.12619018554688,189.9713134765625,187.47610473632807,188.8432159423828,130.8500518798828,-0.001163140806313,130.90126540966477,0.00260624324319
30242,189.0535430908203,190.2103271484375,188.7476043701172,189.2734222412109,131.14813232421875,0.0022780307692165,131.01315737155926,0.0021570356478208
30243,189.15870666503903,190.4110870361328,187.81069946289065,188.07839965820312,130.3201141357422,-0.006313610219241,131.0979869395112,0.0017804338955985
30244,188.5564117431641,189.7418670654297,188.26959228515625,188.8432159423828,130.8500518798828,0.0040664309393454,131.23758753900577,0.0015690343512429
30245,188.43212890625,190.1434020996093,188.3938751220703,190.06692504882807,131.697998046875,0.0064802891157473,131.3919290924691,0.0015809363833418
30246,189.6367034912109,192.34225463867188,189.579345703125,191.8355712890625,132.9234619140625,0.0093051062685958,131.47954871208563,0.0018283774023884
30247,190.3824157714844,190.8604278564453,188.1548767089844,188.5850830078125,130.67117309570312,-0.0169442533765448,131.50567770977042,0.0022742445229711
30248,189.3785858154297,189.8374786376953,188.6328887939453,189.0726623535156,131.0090789794922,0.0025859252334221,131.60510973579218,0.0028368178168357
30249,190.4780120849609,191.1950225830078,189.91395568847656,191.02294921875,132.36041259765625,0.0103148089330176,131.95970140389335,0.0034041228363187
30250,191.1854705810547,192.25621032714844,190.93690490722656,191.7973175048828,132.89698791503906,0.0040538957748179,132.66982771096622,0.0038576147601744
30251,192.0936889648437,192.7055511474609,191.42446899414065,192.16061401367188,133.1487274169922,0.0018942453542594,133.67724202214794,0.0041005068128446
30252,192.8489532470703,194.93307495117188,192.7437896728516,194.818359375,134.99026489257812,0.0138306802574135,134.7755312337185,0.0040826811086416
30253,194.818359375,196.12811279296875,194.6845092773437,195.71701049804688,135.6129608154297,0.0046128950361501,135.69437697524103,0.0038142989908815
30254,195.9273376464844,197.11280822753903,195.73614501953125,196.9407196044922,136.4608612060547,0.0062523551253999,136.22191660186598,0.003363219056716
30255,197.9254302978516,198.3938751220703,196.9502868652344,196.9502868652344,136.46749877929688,4.864085704525678e-05,136.30970244236806,0.002835878369195
30256,196.6634826660156,197.44741821289065,195.50669860839844,196.67303466796875,136.27537536621094,-0.0014078327426272,136.09889903541574,0.0023465872639042
30257,195.73614501953125,195.9847106933593,194.7418670654297,195.26768493652344,135.3016357421875,-0.0071453820721955,135.8422740156607,0.0019845563269463
30258,195.3346099853516,196.7208404541016,195.31549072265625,195.68833923339844,135.5930938720703,0.0021541360404406,135.76440165703232,0.0017892156606993
30259,195.0286865234375,196.93116760253903,194.9904327392578,196.45315551757807,136.12301635742188,0.0039081819746036,135.95133429980197,0.0017414700928991
30260,196.8355712890625,196.9024810791016,195.5640563964844,196.443588256836,136.11639404296875,-4.864948360927546e-05,136.34224916034515,0.0017725872268761
30261,197.3709411621093,198.7762908935547,197.2466583251953,198.6328887939453,137.63336181640625,0.0111446367948788,136.81605891539374,0.0017863198879231
30262,199.29254150390625,199.48374938964844,197.8967437744141,198.0688323974609,137.24256896972656,-0.0028393758716798,137.29063597106867,0.0016864059313759
30263,198.31739807128903,199.51242065429688,197.1988525390625,198.1739959716797,137.31539916992188,0.0005306677129555,137.74731437012812,0.0014016370688126
30264,197.0267639160156,199.33078002929688,196.95985412597656,199.11090087890625,137.96453857421875,0.0047273605744218,138.16745655866697,0.0009030560988849
30265,199.5602264404297,199.92352294921875,198.86233520507807,199.47418212890625,138.21624755859375,0.0018244469700421,138.45699695710098,0.0002105076142789
30372,185.7648162841797,187.33270263671875,184.9521942138672,186.28106689453125,130.16888427734375,0.0076535978879164,129.74960636691992,0.0018929534588993
30373,187.9636688232422,188.49903869628903,184.75143432617188,185.9847106933593,129.9617919921875,-0.0015909507583625,130.16641382334177,0.0038381427896128
30374,185.8604278564453,187.23709106445312,185.36329650878903,186.46270751953125,130.29579162597656,0.0025699832902361,130.97586278254903,0.0056124249579132
30375,187.62905883789065,190.68833923339844,187.48565673828125,190.3441619873047,133.00808715820312,0.0208164477024124,132.06861986298048,0.0070206248875936
30376,190.36329650878903,190.72657775878903,189.3690185546875,190.72657775878903,133.27529907226562,0.0020089899777648,133.28862359390266,0.0079047667386182
30377,190.6214141845703,192.94454956054688,189.9904327392578,192.11280822753903,134.24398803710938,0.007268330827894,134.5060229173281,0.0081684700951514
30378,191.7304077148437,194.51242065429688,191.6921539306641,194.33078002929688,135.79379272460938,0.0115446859867689,135.64366849447467,0.0077922052641314
30379,194.56979370117188,195.6501007080078,194.034423828125,194.8087921142578,136.12782287597656,0.0024598337277801,136.6519261218112,0.0068374475542598
30380,195.3919677734375,197.7151031494141,194.51242065429688,197.284896850586,137.85812377929688,0.0127108541572487,137.4761527291651,0.0054397141890201
30381,197.170166015625,198.5181579589844,196.988525390625,197.7151031494141,138.15870666503906,0.0021803784753622,138.05672378917737,0.003791259013963
30382,196.5105133056641,198.8432159423828,196.5105133056641,198.04014587402344,138.3858642578125,0.0016441786280192,138.35662836334907,0.0021149337069482
30383,197.7820281982422,198.7380523681641,197.3996124267578,197.9636688232422,138.3324432373047,-0.0003860294604099,138.3816970807579,0.000632215120413
30384,198.4225616455078,198.44168090820312,196.9502868652344,197.3518218994141,137.9049072265625,-0.0030906416509159,138.17400039788956,-0.0004698218138988
30385,196.7973175048828,197.8871917724609,196.27151489257807,197.11280822753903,137.73782348632812,-0.0012115866185956,137.79609816746589,-0.0010668856476287
30386,198.2409210205078,198.79541015625,196.8642425537109,196.92160034179688,137.60421752929688,-0.000970001947537,137.3351612871857,-0.0011161103024218
30387,196.0038299560547,196.9980926513672,195.8890991210937,196.261947631836,137.14332580566406,-0.0033494011441522,136.92487949939328,-0.000661640288494
30388,196.55831909179688,198.2026824951172,195.93690490722656,195.965576171875,136.93621826171875,-0.001510154013902,136.74439725980895,0.0001740477820861
30389,196.03250122070312,196.92160034179688,194.93307495117188,195.0286865234375,136.28152465820312,-0.0047810112753686,136.95886880264797,0.0012122518602129
30390,195.3824157714844,197.8011474609375,195.1625213623047,196.8546905517578,137.5574951171875,0.0093627545053118,137.6234719278248,0.0022503988201637
30391,196.6156768798828,199.15870666503903,196.28106689453125,198.32696533203125,138.5862579345703,0.0074787841731662,138.6240240301849,0.0030984695207274
30392,198.86233520507807,202.4378662109375,198.79541015625,201.21414184570312,140.603759765625,0.0145577336535573,139.70788697227923,0.003610676519535
30393,201.6826019287109,202.170166015625,199.33078002929688,200.6118621826172,140.1829071044922,-0.0029931821299398,140.5823459738909,0.0037036776170361
30394,200.7074584960937,202.0076446533203,200.09559631347656,201.2523956298828,140.63050842285156,0.0031929807107349,141.01203061214247,0.0033569671921541
30395,201.03250122070312,201.6921539306641,199.3594665527344,201.13766479492188,140.55032348632812,-0.0005701816584658,140.8818034325586,0.0025980252324393
30396,201.8642425537109,202.47610473632807,200.8221740722656,201.3288726806641,140.68394470214844,0.0009507001656479,140.24435856551645,0.0014803692567507
30397,200.783935546875,201.37667846679688,200.0095672607422,200.5927276611328,140.1695556640625,-0.0036563450020895,139.35335110556255,6.421545362903877e-05
30488,189.89483642578125,190.31549072265625,189.397705078125,189.6080322265625,133.6336669921875,-0.0049171171031958,134.28077492967077,7.689118168531751e-05
30489,190.46844482421875,192.2466583251953,190.09559631347656,192.2466583251953,135.49334716796875,0.0139162549201763,134.1239027886484,0.0007765468906767
30490,192.8011474609375,193.5850830078125,188.8240966796875,188.8240966796875,133.08116149902344,-0.0178029823556943,134.16404137966347,0.0016898633330022
30491,189.89483642578125,191.10899353027344,189.1395721435547,190.3824157714844,134.1794891357422,0.0082530662067208,134.46770916813713,0.0027586712242783
30492,190.1434020996093,193.83364868164065,189.8661499023437,193.43212890625,136.32888793945312,0.0160188328153232,135.05785878664233,0.003889175463981
30493,193.2887115478516,194.1873779296875,191.95985412597656,191.9980926513672,135.31817626953125,-0.0074137747706909,135.91809032159784,0.0049698203838298
30494,191.8260040283203,194.01528930664065,190.5927276611328,193.9866180419922,136.7196807861328,0.0103571046790491,136.99143132582157,0.0058917559022145
30495,193.68069458007807,196.1663513183593,193.64244079589844,196.1663513183593,138.2559051513672,0.011236307431389,138.1681245295809,0.0065669687834083
30496,196.806884765625,198.5659637451172,196.6443634033203,197.44741821289065,139.15879821777344,0.0065305931447754,139.29211006471152,0.0069404658457343
30497,197.9254302978516,199.3212280273437,197.5717010498047,199.216064453125,140.40528869628906,0.0089573242545897,140.21641577964837,0.0069943906215279
30498,199.1300201416016,200.3824157714844,199.08221435546875,200.2103271484375,141.1060791015625,0.0049911966406714,140.8870332308546,0.0067437752411283
30499,200.6214141845703,201.47227478027344,200.21987915039065,201.12811279296875,141.75289916992188,0.004583927726415,141.38842521203017,0.0062262001548637
30500,200.8030548095703,200.95602416992188,199.84703063964844,200.8412933349609,141.5507354736328,-0.0014261697466005,141.89459678237705,0.005489929907792
30501,200.1912078857422,201.46270751953125,199.89483642578125,201.29063415527344,141.86741638183594,0.0022372254523688,142.54049746330162,0.0045855846495637
30502,200.95602416992188,203.02102661132807,200.54493713378903,202.7342224121093,142.88491821289062,0.0071722024479257,143.30831039945463,0.0035643211545854
30503,202.8202667236328,206.3671112060547,202.8202667236328,206.30975341796875,145.40487670898438,0.0176362804949026,144.02889977329448,0.0024813299582366
30504,205.90821838378903,206.4053497314453,204.0248565673828,205.46844482421875,144.8118896484375,-0.0040781786276239,144.49924749890764,0.0013995914209934
30505,203.53729248046875,205.06692504882807,203.2887115478516,203.83364868164065,143.6597442626953,-0.0079561518639061,144.60720765097636,0.00038857195604
30506,204.71319580078125,205.6596527099609,202.51434326171875,204.0535430908203,143.81471252441406,0.0010787173714814,144.36605674165844,-0.0004834619195092
30507,205.31549072265625,206.3288726806641,204.875717163086,205.602294921875,144.90625,0.0075898874073863,143.8740656554061,-0.0011602602132857
30508,203.5946502685547,203.6328887939453,200.86997985839844,202.9254302978516,143.01963806152344,-0.0130195346196355,143.27467025608252,-0.0016069921090657
30509,202.87762451171875,203.79541015625,202.31358337402344,202.7533416748047,142.89834594726562,-0.0008480801371182,142.74015969304995,-0.0018151474145262
30510,203.193115234375,203.4512481689453,200.8126220703125,201.47227478027344,141.9954376220703,-0.0063185358739458,142.4415375686118,-0.001801416943232
30511,202.4569854736328,203.1548767089844,202.1988525390625,203.02102661132807,143.08702087402344,0.0076874529930914,142.48429881228677,-0.0016005138595073
30512,201.6826019287109,202.829833984375,200.8604278564453,201.6156768798828,142.09654235839844,-0.0069222107608001,142.84103840387823,-0.0012544099440926
30513,200.602294921875,204.0535430908203,200.5162506103516,203.9196929931641,143.72036743164062,0.0114276184788968,143.33107983612783,-0.0008030257438676
30514,203.44168090820312,204.11090087890625,201.95985412597656,203.04014587402344,143.1004638671875,-0.0043132617563615,143.67891070038516,-0.0002818171027958
30750,180.06692504882812,180.6118621826172,178.94837951660156,179.4263916015625,129.07504272460938,0.0002128348394552,128.96071074463688,-0.0003596577752829
30751,179.30210876464844,180.08604431152344,177.67686462402344,178.193115234375,128.18788146972656,-0.006873220695155,128.66100906292283,-0.0010901641207827
30752,179.1682586669922,180.1625213623047,177.85850524902344,178.54684448242188,128.44236755371094,0.0019852585210597,128.09139830516943,-0.0015269918522022
30753,177.829833984375,179.2064971923828,177.71510314941406,178.0305938720703,128.07093811035156,-0.0028917984807781,127.44155782765024,-0.0015491701458897
30754,178.2122344970703,178.7762908935547,175.6309814453125,175.8126220703125,126.47539520263672,-0.0124582745410989,126.93707756672389,-0.0011109453368173
30755,175.8030548095703,176.1854705810547,174.1969451904297,174.1969451904297,125.3131103515625,-0.0091898099959444,126.73447713121278,-0.0002540618924631
30756,174.6271514892578,178.15487670898438,174.6271514892578,177.6386260986328,127.7890167236328,0.0197577601028671,126.86100004179842,0.0009000594252063
30757,177.81069946289062,179.63670349121094,177.3804931640625,178.5946502685547,128.4767303466797,0.0053816332630072,127.256008685162,0.0021762234502891
30758,177.4378662109375,178.48948669433594,175.43020629882812,176.58700561523438,127.03243255615234,-0.0112417072463634,127.86783077318265,0.0033816880514956
30759,176.35755920410156,179.9808807373047,176.07073974609375,179.63670349121094,129.2263641357422,0.0172706413271277,128.68647090426416,0.0043432354026012
30760,180.2103271484375,180.4015350341797,178.2026824951172,178.46080017089844,128.3804168701172,-0.0065462436499134,129.66730587050287,0.0049382322983437
30761,179.1873779296875,181.10899353027344,179.13002014160156,179.9713134765625,129.46707153320312,0.008464333498662,130.64960992283767,0.0051157164536639
30762,180.4588928222656,186.806884765625,180.4015350341797,186.46270751953125,134.13685607910156,0.036069283800096,131.4070372115816,0.0049039977379374
30763,186.4053497314453,187.0267639160156,183.5181579589844,184.14913940429688,132.47254943847656,-0.0124075268294907,131.8182393615974,0.0044012694069864
30764,183.47036743164065,184.1969451904297,180.9942626953125,181.4818420410156,130.55372619628906,-0.014484685697686,131.97651009882802,0.0037491309205155
30765,181.5870056152344,184.14913940429688,180.7935028076172,182.07456970214844,130.98011779785156,0.003266023988633,132.09640959855824,0.0030960561911755
30766,183.2122344970703,185.24856567382807,182.9827880859375,184.0248565673828,132.38307189941406,0.0107111989601944,132.3075056910115,0.0025629525270718
30767,184.6271514892578,186.5487518310547,184.30210876464844,185.9464569091797,133.76544189453125,0.0104421960850669,132.56040993690584,0.002220307919764
30768,185.6978912353516,185.9464569091797,184.0248565673828,185.03823852539065,133.11207580566406,-0.0048844161811414,132.73246972100364,0.002078814221797
30769,184.70362854003903,184.875717163086,183.89100646972656,184.216064453125,132.52064514160156,-0.0044431030053648,132.79454308110996,0.0020909132793536
30770,184.6271514892578,185.4397735595703,182.8680725097656,183.3365173339844,131.88790893554688,-0.0047746236473463,132.8593559136599,0.0021619820433355
30771,183.2887115478516,186.7208404541016,183.1453094482422,185.965576171875,133.77920532226562,0.0143401802483882,133.0855762992671,0.0021717706749027
30772,185.36329650878903,185.6309814453125,184.216064453125,184.7896728515625,132.9333038330078,-0.0063231164157395,133.55119741241504,0.0020045950609405
30773,185.35372924804688,188.3365173339844,185.08604431152344,187.9923553466797,135.2372283935547,0.0173314323357305,134.19949164255877,0.0015819950972796
30774,187.4378662109375,190.44932556152344,187.05545043945312,187.07456970214844,134.5769805908203,-0.0048821453277124,134.8640719226255,0.0008885942850596
31006,150.53536987304688,150.5927276611328,146.65391540527344,147.49522399902344,108.84644317626952,-0.0234208347214738,109.99360548195448,0.0013643044366788
31007,148.23135375976562,150.181640625,147.9923553466797,150.17208862304688,110.82189178466795,0.0181489495729256,110.25328541138532,0.0027632685956514
31008,149.33078002929688,150.3728485107422,148.53729248046875,150.05735778808594,110.73724365234376,-0.0007638213981102,111.11647034010568,0.0038533757091011
31009,149.9521942138672,153.6328887939453,148.94837951660156,152.7820281982422,112.74793243408205,0.0181572948307326,112.38737290135096,0.0044697763316891
31010,152.67686462402344,153.8432159423828,151.8260040283203,152.7820281982422,112.74793243408205,0.0,113.6870584747056,0.0045281294450785
31011,153.87188720703125,155.8317413330078,153.29827880859375,155.71701049804688,114.91385650634766,0.019210321870265,114.60324496640864,0.0040501903547343
31012,155.6118621826172,158.07839965820312,155.5736083984375,157.3900604248047,116.14847564697266,0.0107438665637054,114.8897586990967,0.0031617137015539
31013,157.5430145263672,157.6386260986328,155.73614501953125,155.8317413330078,114.99851989746094,-0.0099007390592619,114.59861261725268,0.002061624698393
31014,155.90821838378906,155.90821838378906,152.1988525390625,152.1988525390625,112.31756591796876,-0.0233129433481635,114.03160537596663,0.0009714272148893
31015,152.26577758789062,154.15870666503906,151.92160034179688,153.52772521972656,113.29823303222656,0.0087311998461043,113.52714336999836,8.172289977935473e-05
31016,153.71893310546875,153.8240966796875,152.2275390625,153.34608459472656,113.16419219970705,-0.0011830796379798,113.25475668973118,-0.0004867213377494
31017,154.216064453125,156.4053497314453,154.15870666503906,155.51625061035156,114.76570129394533,0.0141520834736488,113.18540159742594,-0.0006981639238021
31018,153.9961700439453,155.1912078857422,153.34608459472656,153.44168090820312,113.2347183227539,-0.013340074202746,113.22195994785392,-0.0005949692744237
31019,153.18356323242188,153.55641174316406,151.42446899414062,152.1797332763672,112.30345153808594,-0.0082242160219233,113.32342240572518,-0.0002757100329725
31020,152.50477600097656,155.3919677734375,151.90248107910156,153.3938751220703,113.19944763183594,0.0079783486747613,113.50742247629914,0.0001352150659499
31021,152.66729736328125,155.64053344726562,151.72084045410156,154.91395568847656,114.3211898803711,0.0099094321748234,113.77796143167966,0.0005212228295543
31022,154.5602264404297,156.63479614257812,154.51242065429688,154.94264221191406,114.34239959716795,0.0001855274321327,114.08928464597376,0.0008038508111126
31023,154.6080322265625,156.35755920410156,153.92926025390625,154.73231506347656,114.18717193603516,-0.001357568685629,114.37706017887083,0.0009619781140595
31024,154.5889129638672,155.32504272460938,153.65200805664062,155.2007598876953,114.53287506103516,0.0030275128032215,114.6016697316144,0.0010348432794204
31025,155.2007598876953,156.14723205566406,154.15870666503906,155.69789123535156,114.89971160888672,0.0032028930353495,114.75523238206048,0.0011089345847271
31026,155.2294464111328,156.7877655029297,155.21987915039062,155.23899841308594,114.56106567382812,-0.0029473175373262,114.84092361125316,0.0012929831329302
31027,155.27725219726562,155.5831756591797,153.71893310546875,155.1625213623047,114.5046844482422,-0.0004921499748129,114.86267236197727,0.001687165704319
31028,155.47801208496094,157.70555114746094,155.35372924804688,156.91204833984375,115.7957534790039,0.0112752507636078,114.846009775572,0.0023531049181461
31029,156.12811279296875,156.76864624023438,155.3919677734375,155.95602416992188,115.09021759033205,-0.0060929340452867,114.86929053246554,0.0032909683061069
31030,154.63670349121094,154.7418670654297,152.9923553466797,153.6042022705078,113.35466766357422,-0.0150799082936446,115.0611199674344,0.0044291596294047
31031,154.9713134765625,159.31166076660156,154.78012084960938,158.85276794433594,117.2279281616211,0.0341693957371243,115.54867001468364,0.0056305608615828
31032,158.7667236328125,160.0191192626953,156.8355712890625,157.0363311767578,115.88748168945312,-0.0114345317979168,116.39134293717402,0.0067159021148096
31033,157.16061401367188,158.69981384277344,155.72657775878906,158.08795166015625,116.66351318359376,0.0066964221055401,117.54315103461084,0.0074997583835879
31034,157.9636688232422,164.3498992919922,157.87762451171875,162.7533416748047,120.10638427734376,0.0295111213420424,118.85972618857876,0.0078305638579567
31035,162.74378967285156,163.33651733398438,161.31930541992188,162.31358337402344,119.78189849853516,-0.0027016530450147,120.14324753423472,0.0076248256238476
31036,163.374755859375,163.94837951660156,162.81069946289062,163.2218017578125,120.4521484375,0.0055955862059828,121.2061557958578,0.0068871430559061
31037,163.31739807128906,167.0076446533203,162.5430145263672,166.27151489257812,122.70270538330078,0.0186842407959917,121.92941416488772,0.0057112377429573
31038,165.77438354492188,167.4282989501953,165.2007598876953,166.73040771484375,123.04134368896484,0.002759827540935,122.29457924164218,0.0042620677779646
31039,166.12811279296875,166.6156768798828,162.81069946289062,163.75717163085938,120.84722137451172,-0.0178323988398535,122.37303292442658,0.0027435961541765
31040,165.5831756591797,166.34799194335938,164.8374786376953,166.03250122070312,122.52632904052734,0.0138944664752529,122.27484164114108,0.0013600689272951
31041,166.7973175048828,168.54684448242188,166.06118774414062,166.31930541992188,122.73795318603516,0.0017271728220782,122.09624895294832,0.00027984278033
31233,121.62523651123048,122.98279571533205,120.31549072265624,122.9158706665039,93.01729583740234,0.0072071874100041,92.48577811510698,-0.0004769999889274
31234,120.45889282226562,121.9024887084961,118.67112731933594,121.39579010009766,92.80535125732422,-0.0022785502219782,91.75904747166382,-0.0011396820584164
31235,120.57361602783205,121.34799194335938,118.32695770263672,118.61376953125,90.67852783203124,-0.0229170343787167,90.17194669725518,-0.0008314294352025
31236,119.50286865234376,119.78011322021484,114.56979370117188,114.9043960571289,87.84275817871094,-0.031272780018806,88.4373249036959,0.0005370089312896
31237,113.55640411376952,114.397705078125,111.7590789794922,112.66730499267578,86.13251495361328,-0.0194693707319419,87.48877102221489,0.0027940719666792
31238,114.01529693603516,115.72657775878906,113.14531707763672,115.7170181274414,88.4640121459961,0.0270687230442352,87.97044831649303,0.0055359464658308
31239,116.47227478027344,117.67686462402344,116.00382232666016,117.34225463867188,89.70647430419922,0.0140448316559804,89.88820890119337,0.0082273172735735
31240,118.26959991455078,121.00382232666016,117.82982635498048,120.55449676513672,92.1622085571289,0.0273752175857693,92.62685422784384,0.0103447761631402
31241,124.2829818725586,128.10707092285156,124.04397583007812,126.62523651123048,96.8031768798828,0.0503565224337811,95.29309335876646,0.0115155649562112
31242,126.53919982910156,127.77246856689452,125.08604431152344,127.22753143310548,97.26361846923828,0.0047564718865251,97.1587561575253,0.0116065273545613
31243,127.22753143310548,128.4034423828125,126.58699798583984,127.88719177246094,97.76792907714844,0.0051849871087168,97.94877245147693,0.0107379860542708
31244,127.28489685058594,127.54302215576172,126.20458984375,126.5774383544922,96.76663208007812,-0.0102415690556377,97.84757719407578,0.0092254728926072
31245,125.76481628417967,127.61949920654295,123.97705841064452,126.95984649658205,97.05897521972656,0.0030211151650552,97.29752421228858,0.0074764433011113
31246,127.42829895019533,128.5946502685547,125.12428283691406,128.5850830078125,98.30145263671876,0.0128012624713935,96.77039564562052,0.0058790917595035
31247,128.5946502685547,128.9866180419922,126.14722442626952,126.22370910644533,96.49620056152344,-0.0183644496268715,96.62512625135253,0.0047150428559444
31248,126.19503021240234,127.4952163696289,125.14340209960938,125.26768493652344,95.7653350830078,-0.0075740337366926,97.0374832660262,0.0041145109403037
31249,126.42447662353516,128.71893310546875,126.22370910644533,128.46080017089844,98.20642852783205,0.025490366035981,97.96501661153611,0.0040584969699012
31250,127.8202667236328,131.3957977294922,127.3613739013672,130.30592346191406,99.61699676513672,0.0143632983955312,99.17348726368216,0.0044193364418916
31251,131.1854705810547,131.89292907714844,130.08604431152344,131.73995971679688,100.71331024169922,0.0110052853645772,100.3528168159808,0.0050199904598348
31252,131.49139404296875,133.28871154785156,130.9942626953125,131.73995971679688,100.71331024169922,0.0,101.26924422710375,0.0056891493024727
31253,131.24282836914062,134.33078002929688,130.85086059570312,133.9866180419922,102.43083953857422,0.0170536475541629,101.8573171477196,0.0062961416533442
31254,133.5659637451172,134.17782592773438,131.37667846679688,132.95411682128906,101.64151000976562,-0.007705975391438,102.20766825715322,0.0067617123771334
31255,133.18356323242188,135.91778564453125,133.10707092285156,134.2351837158203,102.62083435058594,0.0096350825634745,102.48479748698558,0.0070505186450362
31256,135.0286865234375,135.24856567382812,132.0172119140625,134.0248565673828,102.46009063720705,-0.0015663847833251,102.84182979611366,0.007155498554761
31257,135.49713134765625,136.63479614257812,134.33078002929688,136.09942626953125,104.04607391357422,0.0154790344855624,103.37785832095938,0.0070835578734452
31258,135.7648162841797,136.89292907714844,134.8374786376953,136.50096130371094,104.35303497314452,0.0029502416383848,104.1335600394086,0.006847984388909
31259,135.50669860839844,137.02676391601562,135.31549072265625,136.67303466796875,104.48456573486328,0.0012604402138627,105.0868552703134,0.0064681579567509
31260,136.34799194335938,138.50860595703125,135.8604278564453,138.4225616455078,105.82207489013672,0.0128010213361795,106.13211589000286,0.0059737043169273
31261,138.41299438476562,140.84129333496094,138.09751892089844,140.5736083984375,107.4665069580078,0.0155395938850972,107.0801842130415,0.0054085268736903
31262,140.91778564453125,141.02294921875,139.11090087890625,140.6214141845703,107.5030517578125,0.0003400575755103,107.72536158094744,0.0048296747821462
31263,140.82217407226562,142.170166015625,140.26768493652344,142.09368896484375,108.62859344482422,0.0104698580050301,107.9626512111955,0.0042976357886876
31264,141.5487518310547,142.71510314941406,141.3384246826172,141.58700561523438,108.2412338256836,-0.003565908448749,107.87138496264387,0.003859202596017
31265,141.49139404296875,141.52008056640625,138.7476043701172,139.0057373046875,106.26790618896484,-0.0182308309594537,107.68996657381273,0.0035296822639125
31266,138.6042022705078,141.70172119140625,138.13575744628906,141.44358825683594,108.13160705566406,0.0175377584214861,107.69181189713936,0.0032839917809384
31267,141.2523956298828,142.11280822753906,140.75526428222656,141.87380981445312,108.46051025390624,0.003041693425243,108.04987174083548,0.0030632561846068
31268,141.09942626953125,143.1739959716797,141.0133819580078,142.76290893554688,109.14019012451172,0.0062666114055185,108.76577316491058,0.0027959531685389
31269,143.3556365966797,143.79541015625,141.7973175048828,141.88336181640625,108.4677734375,-0.0061610364270449,109.67117260982614,0.0024254653859967
31270,143.2026824951172,146.3671112060547,142.7915802001953,144.7896728515625,110.68962097167967,0.0204839415779094,110.48192850451842,0.0019334121297049
31271,143.89100646972656,146.2332763671875,143.64244079589844,145.8126220703125,111.47164154052734,0.007064985515198,110.90502619487842,0.0013499161694693
31272,145.64053344726562,146.76864624023438,145.2294464111328,145.38241577148438,111.14276885986328,-0.0029502811308694,110.78034839773755,0.00074593824267
31273,144.7705535888672,144.93307495117188,143.06883239746094,143.4034423828125,109.62987518310548,-0.0136121647164051,110.1820122467751,0.0002090016493594
31333,140.05735778808594,141.95028686523438,140.0095672607422,141.93116760253906,109.55146026611328,0.0189429145890964,109.0512629634804,0.0008446782463325
31334,142.31358337402344,145.2294464111328,142.13192749023438,145.10516357421875,112.00132751464844,0.022362707375914,110.566262674055,0.0027816294300165
31335,145.10516357421875,146.24282836914062,144.7418670654297,145.6501007080078,112.42196655273438,0.0037556611820599,111.84718956359455,0.0045957382475509
31336,144.54110717773438,145.31549072265625,144.13002014160156,145.0095672607422,111.92758178710938,-0.0043975815473135,112.55342961503324,0.0061082980359148
31337,145.17208862304688,145.70745849609375,143.32696533203125,145.66921997070312,112.4367446899414,0.0045490387150548,112.82953843810913,0.0072157397756282
31338,146.03250122070312,146.93116760253906,145.2103271484375,145.88909912109375,112.60643768310548,0.0015092307557642,113.08195297569875,0.0078819797809304
31339,147.2275390625,147.8011474609375,146.34799194335938,147.66729736328125,113.97896575927734,0.0121887176649206,113.65238705282034,0.0081203976095475
31340,147.8011474609375,149.17782592773438,147.70555114746094,148.49903869628906,114.62096405029295,0.0056326032328763,114.6167129176519,0.0079763018728292
31341,149.1395721435547,150.2103271484375,148.68069458007812,150.13385009765625,115.88284301757812,0.0110091463436958,115.7882161083511,0.0075142455633422
31342,150.8126220703125,151.37667846679688,150.15296936035156,151.07073974609375,116.60596466064452,0.0062401096161983,116.86564093932424,0.0068094915677766
31343,151.8260040283203,154.30210876464844,151.6061248779297,153.23135375976562,118.27369689941406,0.014302289283598,117.61515619256534,0.0059410050114438
31344,152.86807250976562,152.94454956054688,151.52963256835938,152.7533416748047,117.9046630859375,-0.0031201680775262,117.9890113207706,0.0049840270391791
31345,152.29444885253906,153.68069458007812,151.74952697753906,152.829833984375,117.9637451171875,0.0005011000388248,118.126664965615,0.0040025498597218
31346,154.66539001464844,155.0095672607422,150.9464569091797,152.5621337890625,117.75709533691406,-0.0017518075580607,118.24809728429793,0.003044405954957
31347,152.93499755859375,154.5984649658203,152.58126831054688,154.26385498046875,119.07061004638672,0.0111544421651583,118.51240046624363,0.0021420920036841
31348,153.68069458007812,154.73231506347656,152.85850524902344,153.3938751220703,118.39911651611328,-0.005639456537695,118.93072919442052,0.0013198361740711
31349,153.70936584472656,155.03823852539062,153.4225616455078,154.94264221191406,119.59455871582033,0.0100967155404774,119.37764203933168,0.0006035263533466
31350,154.87571716308594,155.71701049804688,154.63670349121094,155.49713134765625,120.02251434326172,0.0035783871108909,119.68008368916522,2.788458719276248e-05
31351,155.49713134765625,156.4053497314453,154.27342224121094,154.9904327392578,119.63143920898438,-0.003258348122577,119.72262129494158,-0.0003639215198796
31352,154.9904327392578,155.420654296875,154.09178161621094,154.71319580078125,119.41746520996094,-0.0017886100881027,119.50704903658507,-0.0005296977161326
31353,154.28298950195312,154.69407653808594,153.64244079589844,154.27342224121094,119.07799530029295,-0.0028427157541078,119.14148942776062,-0.0004437897506788
31354,154.26385498046875,154.5602264404297,152.9923553466797,153.55641174316406,118.52457427978516,-0.0046475507008004,118.7827938619258,-0.0001127368416765
31355,153.5850830078125,154.54110717773438,152.81069946289062,154.3498992919922,119.13701629638672,0.0051672154936903,118.57592710196656,0.0004153890040089
31356,154.17782592773438,154.3498992919922,153.30784606933594,153.51815795898438,118.49504089355467,-0.0053885469251214,118.61376803174596,0.0010520641319895
31357,153.08795166015625,153.78585815429688,152.7724609375,153.6042022705078,118.56143188476562,0.000560284976572,118.9144044078211,0.0016805691285644
31358,153.78585815429688,154.5889129638672,153.07839965820312,154.4455108642578,119.2108154296875,0.005477190470785,119.4145691966071,0.0021770322590028
31359,154.87571716308594,156.31930541992188,154.46463012695312,156.30975341796875,120.64976501464844,0.0120706294959425,119.9915386097086,0.002435240458596
31360,155.5736083984375,156.08985900878906,154.47418212890625,154.91395568847656,120.6050796508789,-0.0003703725719159,120.5118397326671,0.002388517331098
31361,155.08604431152344,155.6118621826172,154.54110717773438,154.6558380126953,120.40413665771484,-0.0016661237963254,120.8747992988234,0.0020225871696872
31362,155.05735778808594,155.50669860839844,154.8374786376953,154.9521942138672,120.63483428955078,0.0019160274575262,121.0253075724204,0.0013766935825384
31363,155.11471557617188,157.69598388671875,155.0478057861328,156.3384246826172,121.7140884399414,0.0089464552817319,120.9508893713562,0.0005341897390839
31415,143.94837951660156,144.51242065429688,143.2409210205078,144.24473571777344,112.29877471923828,0.0020586854707795,112.45504888861686,0.0003640723970085
31416,144.08221435546875,146.21414184570312,143.65200805664062,145.13385009765625,112.9910125732422,0.0061642511749091,113.12019056191473,0.0009436084386683
31417,146.09942626953125,147.28489685058594,145.33460998535156,146.6061248779297,114.13722229003906,0.0101442556420483,113.71053557732768,0.0014117288370464
31418,147.27532958984375,147.64817810058594,145.48757934570312,145.89866638183594,113.58643341064452,-0.0048256727152068,114.0126802954988,0.0018256475567434
31419,146.0420684814453,147.5430145263672,146.0420684814453,146.93116760253906,114.39026641845705,0.0070768399330443,113.95197613714008,0.0022653148215381
31420,146.74952697753906,147.14149475097656,145.06692504882812,146.07073974609375,113.72037506103516,-0.0058561919505574,113.6421400459675,0.002803249117698
31421,145.77438354492188,146.6061248779297,145.0,145.26768493652344,113.09517669677734,-0.0054976811668292,113.34932763790026,0.0034743822332058
31422,145.8030548095703,146.97897338867188,145.12428283691406,145.66921997070312,113.4078140258789,0.0027643736738638,113.37998706505694,0.0042575258066815
31423,145.69789123535156,146.88336181640625,145.1912078857422,145.72657775878906,113.45246887207033,0.0003937545800964,113.94394171521677,0.0050763817703532
31424,147.2179718017578,149.24473571777344,147.07456970214844,148.87188720703125,115.90116119384766,0.0215834203179703,115.0581162087188,0.0058205520904778
31425,147.76290893554688,149.07266235351562,146.32887268066406,148.34608459472656,116.53956604003906,0.0055081833487728,116.52864185097432,0.006378811394444
31426,146.2332763671875,148.71893310546875,144.35946655273438,148.0019073486328,116.26915740966795,-0.0023203160914311,118.01266613051502,0.0066720862313561
31427,150.72657775878906,154.07266235351562,150.65965270996094,153.1739959716797,120.33231353759766,0.0349461217269631,119.14919929477988,0.0066742298601775
31428,152.93499755859375,154.24473571777344,152.32313537597656,154.17782592773438,121.12096405029295,0.0065539379199992,119.72798427603124,0.0064134298498724
31429,154.15870666503906,154.7418670654297,150.6501007080078,151.2523956298828,118.82273864746094,-0.0189746293785915,119.80703753953362,0.0059539647616962
31430,151.45315551757812,152.1510467529297,150.6214141845703,151.69215393066406,119.16822814941406,0.0029076042673799,119.67546030747316,0.0053661975918004
31431,151.49139404296875,152.53346252441406,151.08030700683594,152.28489685058594,119.63387298583984,0.0039074579160642,119.66831683618796,0.004699041813268
31432,152.2179718017578,152.89674377441406,151.86424255371094,152.7724609375,120.01689910888672,0.0032016527885225,119.97436480924974,0.0039682382617567
31433,152.7724609375,153.65200805664062,152.2084197998047,153.33651733398438,120.45999908447266,0.0036919798701342,120.57496950321465,0.0031650622740603
31434,153.62332153320312,155.8317413330078,153.31739807128906,155.6118621826172,122.2475128173828,0.014839064805709,121.32341408275953,0.0022797985806861
31435,155.8317413330078,155.8317413330078,154.82791137695312,155.51625061035156,122.17243194580078,-0.0006141709540886,122.05989836878685,0.0013284930407976
31436,154.818359375,155.23899841308594,154.26385498046875,154.85659790039062,121.6541519165039,-0.0042422011336141,122.65664721218496,0.000371452696054
31437,154.71319580078125,156.0133819580078,154.71319580078125,155.965576171875,122.52537536621094,0.0071614773189572,122.98805836825592,-0.0004840066662696
31438,156.02294921875,157.41873168945312,155.54493713378906,157.28489685058594,123.56184387207033,0.0084592151034961,122.91868232286508,-0.0010988284536152
31439,156.7877655029297,157.1797332763672,155.8604278564453,156.3384246826172,122.81829071044922,-0.0060176599694558,122.38215622300548,-0.00133332305631
31440,156.16635131835938,156.5965576171875,155.07647705078125,155.08604431152344,121.8344268798828,-0.0080107272693277,121.49996113222863,-0.0010877067451147
31441,154.82791137695312,155.06692504882812,151.3384246826172,152.7915802001953,120.03192138671876,-0.0147947139353405,120.60853806491149,-0.0003408189925976
31469,160.3919677734375,160.6214141845703,158.27915954589844,160.56405639648438,126.13790130615234,0.0011923002438374,125.63246062662392,0.000405843973965
31470,160.5831756591797,161.07073974609375,159.54110717773438,159.9808807373047,125.67974853515624,-0.0036321578704889,125.5316869356282,0.0017468046229123
31471,159.35946655273438,160.783935546875,158.8145294189453,160.50669860839844,126.09284210205078,0.0032868745498721,125.4027789501359,0.0033626794724039
31472,160.08604431152344,161.1759033203125,159.35946655273438,159.46463012695312,125.27420043945312,-0.0064923721993284,125.48763815568977,0.0050192809032149
31473,159.61758422851562,160.08604431152344,158.50860595703125,159.47418212890625,125.28170776367188,5.992713737068556e-05,126.13723347968865,0.0064435287961715
31474,160.43020629882812,163.13575744628906,158.69981384277344,163.04971313476562,128.09060668945312,0.0224206628080125,127.55152268441552,0.0073761806733557
31475,162.6003875732422,163.71893310546875,162.53346252441406,163.50860595703125,128.45114135742188,0.0028146846774084,129.56954554342795,0.0076313048210408
31476,163.8240966796875,168.26004028320312,163.6328887939453,168.1644287109375,132.1087188720703,0.0284744648898918,131.6712169227835,0.0071471017387168
31477,168.50860595703125,171.3671112060547,168.3843231201172,170.44932556152344,133.90370178222656,0.0135871646132186,133.21417729627734,0.0060108375682605
31478,170.2294464111328,171.0133819580078,169.70362854003906,170.8030548095703,134.18161010742188,0.002075434222478,133.7701482004772,0.0044461991517474
31479,170.6214141845703,171.31930541992188,169.50286865234375,169.50286865234375,133.16015625,-0.0076124728016315,133.34955848278324,0.0027632497862679
31480,169.1969451904297,169.28298950195312,166.90248107910156,168.06883239746094,132.0336151123047,-0.0084600466792806,132.3735306989916,0.0012847682853606
31481,167.35182189941406,167.85850524902344,165.9751434326172,166.84512329101562,131.072265625,-0.0072810964577997,131.42465330487403,0.0002715553303164
31482,167.30401611328125,167.97323608398438,165.28680419921875,166.625244140625,130.8994903564453,-0.0013181680177025,130.94758578246396,-0.0001313239389828
31483,166.56787109375,167.27532958984375,165.91778564453125,166.90248107910156,131.11732482910156,0.0016641353764104,131.07698150739623,8.542911664715629e-05
31484,167.30401611328125,168.5850830078125,167.1988525390625,168.08795166015625,132.0486297607422,0.0071028365843681,131.66232190612058,0.0008094228040653
31485,167.6003875732422,168.2409210205078,166.71128845214844,168.12619018554688,132.07864379882812,0.0002272953391513,132.43240471529586,0.0018451972089062
31486,168.26004028320312,170.7648162841797,168.1644287109375,170.6118621826172,134.03135681152344,0.0147844720125196,133.17679126208247,0.0029634063373458
31487,169.69407653808594,169.69407653808594,168.1453094482422,168.4225616455078,133.35765075683594,-0.0050264808975624,133.8372540549033,0.0039475831350233
31488,168.4225616455078,169.9808807373047,168.1739959716797,169.4168243408203,134.14492797851562,0.0059035024778233,134.47385122916953,0.0046298956213259
31489,169.56979370117188,171.0038299560547,168.9866180419922,170.82217407226562,135.25767517089844,0.0082951119296961,135.15460914997405,0.0049123889000823
31490,171.35755920410156,171.988525390625,170.9751434326172,171.47227478027344,135.7724151611328,0.0038056250011986,135.8634017863211,0.004773770651153
31491,170.71701049804688,172.2084197998047,170.50669860839844,172.2084197998047,136.35531616210938,0.0042932211251069,136.494892162756,0.004263261497356
31492,172.27532958984375,173.91969299316406,171.90248107910156,173.69024658203125,137.52865600585938,0.008605017221001,136.9310772345771,0.0034836107732021
31493,173.47036743164062,174.75143432617188,172.91586303710938,173.4512481689453,137.33938598632812,-0.001376222418135,137.12986168907378,0.0025663610456152
31494,173.27915954589844,173.5850830078125,172.08413696289062,172.72467041015625,136.7641143798828,-0.004188686313936,137.14861760173594,0.0016439550210763
31495,172.65774536132812,172.83938598632812,171.24282836914062,172.33270263671875,136.4537353515625,-0.0022694478718165,137.08508343020262,0.00082453397738
31496,172.170166015625,173.36520385742188,172.170166015625,173.18356323242188,137.12745666503906,0.0049373607233307,136.99897326773038,0.0001749624759442
31948,118.45124053955078,118.59464263916016,113.64244842529295,114.09178161621094,97.3174285888672,-0.0368816129685989,98.9372753041799,-0.001617593606777
31949,114.47418975830078,116.32887268066406,113.3078384399414,115.80306243896484,98.77709197998048,0.0149989925985392,98.56913303437014,-0.0037116315227679
31950,117.82982635498048,118.36520385742188,114.7227554321289,115.57361602783205,98.58140563964844,-0.0019810903156746,98.46349857068654,-0.0057490000234997
31951,117.12236785888672,117.4760971069336,115.67877960205078,115.8317413330078,98.80158233642578,0.0022334505716237,98.39953161974744,-0.0076682076594077
31952,115.9273452758789,116.4340362548828,114.8852767944336,115.42064666748048,98.45092010498048,-0.0035491560271906,98.12741747535809,-0.0093783816556868
31953,114.24474334716795,115.783935546875,114.1873779296875,114.6271514892578,97.77408599853516,-0.0068748377945437,97.4898797824006,-0.0107430896161846
31954,113.83364868164062,114.5124282836914,110.00955963134766,110.9942626953125,94.6753158569336,-0.0316931639907939,96.44375704523792,-0.0115892163708472
31955,111.7590789794922,113.03059387207033,110.91778564453124,111.52007293701172,95.12381744384766,0.0047372600012425,95.02780061446612,-0.0117384464516806
31956,111.99808502197266,114.98088073730467,110.86997985839844,111.30975341796876,94.94442749023438,-0.0018858573849727,93.37273499377912,-0.0110517057799767
31957,110.61185455322266,111.32887268066406,106.78776550292967,108.04971313476562,92.1636962890625,-0.0292879874541124,91.75432850077436,-0.0094746157859794
31958,107.55258178710938,110.2103271484375,105.58317565917967,106.06118774414062,90.467529296875,-0.0184038516301217,90.56605973361052,-0.0070715345204066
31959,105.06692504882812,106.11854553222656,102.77246856689452,102.83938598632812,87.71942901611328,-0.0303766478660387,90.13110603217196,-0.0040355100898049
31960,103.25048065185548,106.49139404296876,101.28107452392578,106.49139404296876,90.83450317382812,0.0355117924575481,90.47502698305264,-0.0006656205269833
31961,105.15296173095705,108.77629089355467,104.65583038330078,108.77629089355467,92.78343963623048,0.0214559049073315,91.28703586652294,0.0026847964148465
31962,109.19693756103516,109.75143432617188,107.55258178710938,108.05927276611328,92.17184448242188,-0.0065916413123553,92.14168123783188,0.0056718303094938
31963,108.34607696533205,109.32122039794922,107.4760971069336,108.67112731933594,92.69374084472656,0.005662210246907,92.798095061778,0.0080157820932301
31964,107.0841293334961,110.8795394897461,106.77820587158205,110.14340209960938,93.9495620727539,0.013548069336537,93.32635699462288,0.0095356796842076
31965,109.4933090209961,109.82791900634766,107.73422241210938,107.94454956054688,92.07398986816406,-0.0199636077402618,93.98067302178023,0.0101649841765508
31966,109.85659790039062,112.32313537597656,109.40726470947266,112.16061401367188,95.6701889038086,0.0390577082712908,94.95212798384549,0.0099554862170531
31967,112.33269500732422,113.60420989990234,111.53919982910156,112.95410919189452,96.34701538085938,0.0070745807529584,96.2036253510875,0.0090730710180615
31968,114.397705078125,115.26768493652344,113.74761199951172,114.56022644042967,97.7170181274414,0.0142194622341587,97.49029422404736,0.0077824764744429
31969,115.59273529052734,116.06118774414062,114.59847259521484,115.38240814208984,98.41829681396484,0.0071766279811038,98.5129937803891,0.0064151968285569
31970,114.79923248291016,116.5009536743164,114.6749496459961,116.4340362548828,99.31532287597656,0.009114423750975,99.0773158162103,0.0053184363049409
31971,116.23326873779295,116.2715072631836,114.91395568847656,116.11854553222656,99.04620361328124,-0.0027097456354383,99.1697358778355,0.0047909762627829
31972,115.2103271484375,115.34416961669922,114.4933090209961,115.0956039428711,98.17366790771484,-0.0088093806096106,98.94638382779172,0.0050191228824211
31973,115.64053344726562,116.56787872314452,115.5066909790039,116.37667083740234,99.2663803100586,0.0111304021295295,98.68252959581916,0.0060292722283424
31974,116.23326873779295,116.63479614257812,115.51625061035156,116.2715072631836,99.1766586303711,-0.0009038476008418,98.71972778775272,0.0076716166418738
31975,115.25812530517578,117.02677154541016,115.24856567382812,116.81644439697266,99.64148712158205,0.0046868738837366,99.39250727025166,0.0096425431413769
31976,117.84894561767578,119.23518371582033,117.3135757446289,118.37476348876952,100.97071075439452,0.0133400621689894,100.89532383527612,0.0115439831194396
31977,117.87763214111328,118.35564422607422,116.19503021240234,117.13192749023438,99.9105987548828,-0.0104992031014853,103.1254036542056,0.0129689554191994
31978,125.59273529052734,129.06309509277344,124.57935333251952,127.04589080810548,108.36695861816406,0.0846392671915399,105.63938466870458,0.0135944287093303
31979,126.79732513427734,127.35181427001952,125.65009307861328,126.70172119140624,108.07337951660156,-0.0027091200611889,107.83079636967096,0.0132566886048135
31980,127.02677154541016,128.52772521972656,126.60611724853516,128.07839965820312,109.2476577758789,0.010865564346463,109.24507167060855,0.0119857300598407
31981,127.24665069580078,128.88145446777344,126.74951934814452,128.36520385742188,109.4923095703125,0.0022394237040348,109.80311340258764,0.0099882342907415
31982,128.3843231201172,129.45506286621094,127.72466278076172,128.4225616455078,109.54122161865234,0.000446716746882,109.7807823988346,0.0075883282328945
31983,128.10707092285156,129.09178161621094,127.39006042480467,128.47036743164062,109.58199310302734,0.0003722022063705,109.5943852795396,0.0051491093433023
31984,128.53729248046875,128.79541015625,127.85850524902344,128.50860595703125,109.6146240234375,0.0002977762996103,109.55892878122668,0.0029990674964109
31985,129.034423828125,129.25430297851562,127.48565673828124,128.2026824951172,109.35367584228516,-0.0023805964165561,109.75717205230094,0.0013796817786749
31986,128.12619018554688,129.25430297851562,127.14149475097656,129.24473571777344,110.24252319335938,0.008128189054716,110.06604119328529,0.0004202513806195
31987,129.33078002929688,129.84703063964844,128.9866180419922,129.5889129638672,110.53609466552734,0.0026629603864658,110.30234206326588,0.0001374129220668
31988,129.27342224121094,130.64053344726562,129.22561645507812,130.32504272460938,111.16400146484376,0.0056805589270763,110.38897126336992,0.0004517219462969
31989,127.67686462402344,128.55641174316406,126.30975341796876,127.33269500732422,109.8770523071289,-0.0115770315997653,110.42656433886134,0.0012130743838908
31990,126.52007293701172,127.82982635498048,126.37667083740234,127.82982635498048,110.3060531616211,0.0039043717089628,110.61645056021818,0.0022296543755311
31991,128.3843231201172,129.2064971923828,128.02102661132812,128.09751892089844,110.53703308105467,0.0020939913342303,111.09751317030393,0.0032982150774533
31992,129.2064971923828,130.2103271484375,128.92926025390625,130.06692504882812,112.2364730834961,0.0153743949432336,111.83351197565142,0.0042336658302028
31993,130.89866638183594,131.8546905517578,130.4110870361328,131.47227478027344,113.44913482666016,0.0108045246776591,112.6395413261524,0.004893591243758
31994,131.13766479492188,131.5487518310547,130.21987915039062,130.47801208496094,112.59119415283205,-0.0075623377396307,113.31161733784202,0.0051922549369175
31995,131.52963256835938,132.11280822753906,131.34799194335938,131.95985412597656,113.8698959350586,0.0113570318873323,113.74824796203072,0.0051015081599274
31996,131.74952697753906,132.6003875732422,131.31930541992188,132.6003875732422,114.422607421875,0.004853885939543,113.98490395318709,0.0046410787011483
31997,132.65774536132812,133.11663818359375,131.1854705810547,131.93116760253906,113.84513092041016,-0.0050468741665332,114.13977814867884,0.0038640904124485
31998,131.7590789794922,132.26577758789062,131.30975341796875,131.7781982421875,113.713134765625,-0.0011594361016409,114.31984444895848,0.0028438341864983
31999,132.62905883789062,133.25047302246094,132.34225463867188,133.12619018554688,114.87633514404295,0.0102292525908764,114.55137437017534,0.0016657195259603
32000,133.8432159423828,134.29254150390625,133.193115234375,133.32696533203125,115.04959106445312,0.0015081950533408,114.78038245655618,0.0004248372923426
32057,128.8145294189453,130.12428283691406,128.71893310546875,129.90440368652344,113.42777252197266,0.011012038541285,112.40749491885076,6.49241556561073e-05
32058,128.75717163085938,129.45506286621094,128.04971313476562,128.41299438476562,112.12551879882812,-0.0114809071375554,113.04988790426503,-0.0003968053678246
32059,127.65774536132812,129.47418212890625,127.0841293334961,129.17782592773438,112.7933349609375,0.0059559694284005,113.43041686516209,-0.0014092523641821
32060,130.13385009765625,131.03250122070312,129.818359375,130.44932556152344,113.90357208251952,0.009843109275619,113.3590117900756,-0.0027843932899318
32061,130.0191192626953,130.73614501953125,129.7418670654297,130.35372924804688,113.82010650634766,-0.0007327740003745,112.7529190659146,-0.0042308655538158
32062,129.1873779296875,129.1873779296875,124.7036361694336,126.56787872314452,110.5144271850586,-0.0290430172906639,111.6767565042301,-0.005415926677124
32063,127.65774536132812,128.34608459472656,125.80306243896484,126.46271514892578,110.42259979248048,-0.0008309086416775,110.33208510391934,-0.0060397086129637
32064,126.3193130493164,126.806884765625,124.54110717773438,124.7227554321289,108.90332794189452,-0.0137587038653425,108.99139056332048,-0.0059032292603436
32065,124.2829818725586,124.55066680908205,122.67686462402344,123.9866180419922,108.26055908203124,-0.0059021966730551,107.92361596916976,-0.0049528057484505
32066,124.03441619873048,124.25430297851562,123.26004028320312,123.87189483642578,108.160400390625,-0.0009251632566421,107.34029253820188,-0.0032908062843395
32067,122.79158782958984,122.79158782958984,121.2715072631836,121.40535736083984,106.00670623779295,-0.0199120393882965,107.34668044893968,-0.0011516518594071
32068,121.51051330566406,122.90631103515624,121.47227478027344,122.62906646728516,107.07518768310548,0.010079375949251,107.89890601849103,0.0011506024798398
32069,123.86233520507812,126.9024887084961,123.41300201416016,126.85468292236328,110.7648468017578,0.0344585818478511,108.81645634929566,0.0032906178873688
32070,127.51434326171876,127.73422241210938,124.73231506347656,125.70745849609376,109.76312255859376,-0.0090437017888616,109.87262709827232,0.0049987421572127
32071,126.37667083740234,126.81644439697266,125.14340209960938,126.40535736083984,110.37252044677734,0.0055519365154563,110.8928894849027,0.0061092510617836
32072,126.64435577392578,128.79541015625,126.39579010009766,127.44741821289062,111.28240203857422,0.0082437330244318,111.7745392546053,0.00657968978356
32073,128.47036743164062,129.397705078125,128.02102661132812,128.8145294189453,112.47612762451172,0.0107269933436888,112.44232789163554,0.0064813815405089
32074,129.3690185546875,130.45889282226562,129.11090087890625,129.9713134765625,113.48619079589844,0.0089802448992437,112.83139173820236,0.0059679250495882
32075,129.5984649658203,129.96176147460938,128.49903869628906,128.93881225585938,112.58464050292967,-0.0079441409271563,112.93770653795336,0.0052308812319041
32076,129.1873779296875,130.27725219726562,129.14913940429688,129.7896728515625,113.32757568359376,0.0065989035213445,112.87782443880324,0.0044530957789036
32077,129.48374938964844,129.90440368652344,128.51815795898438,129.2064971923828,112.81836700439452,-0.0044932460270828,112.87544451086056,0.0037708576226383
32078,129.43594360351562,130.0478057861328,128.7762908935547,129.01528930664062,112.65142059326172,-0.0014797804255249,113.15467124243423,0.0032540910650773
32079,129.25430297851562,131.1567840576172,129.25430297851562,130.38241577148438,113.84514617919922,0.0105966314463761,113.80095420929356,0.0029081571263359
32080,130.43020629882812,132.27532958984375,130.24856567382812,131.05162048339844,114.4294662475586,0.0051325865701785,114.6872429265191,0.0026934817068008
32081,132.8202667236328,133.4034423828125,132.12237548828125,132.74378967285156,115.90701293945312,0.0129122920900284,115.52803081221606,0.0025531973069251
32082,132.35182189941406,133.4034423828125,132.30401611328125,133.07839965820312,116.1991729736328,0.0025206415623211,116.0384788928284,0.0024371094142945
32083,133.07839965820312,133.9866180419922,132.93499755859375,133.2218017578125,116.32439422607422,0.0010776432330532,116.10130119118811,0.0023137733642511
32084,133.32696533203125,133.41299438476562,132.05545043945312,132.27532958984375,115.49797058105467,-0.0071044740917661,115.83686415586624,0.0021695974870835
32085,132.76290893554688,133.53729248046875,132.32313537597656,132.4282989501953,115.63153076171876,0.001156385519089,115.5352402272281,0.0020007078164371
32086,132.6195068359375,133.1739959716797,131.88336181640625,132.4282989501953,115.63153076171876,0.0,115.4928949291346,0.0018060610481368
32087,132.47610473632812,133.02102661132812,131.7781982421875,131.8355712890625,115.11398315429688,-0.0044758346102707,115.84674069509067,0.0015878759283057
32088,133.46080017089844,135.26768493652344,133.15487670898438,133.72848510742188,116.7668228149414,0.0143582874586929,116.49749662061237,0.0013598253179808
32089,133.6042022705078,134.25430297851562,133.33651733398438,134.0535430908203,117.05062866210938,0.0024305349783966,117.17077010562228,0.0011577769027727
32090,134.53155517578125,135.5831756591797,134.25430297851562,135.31549072265625,118.15252685546876,0.0094138596772532,117.58809099051852,0.0010449226102254
32091,134.67495727539062,135.26768493652344,133.75717163085938,135.1625213623047,118.01893615722656,-0.0011306630657642,117.6428595682715,0.0011046363489466
32092,134.84703063964844,135.07647705078125,134.10133361816406,134.3881378173828,117.3427963256836,-0.0057290791932085,117.45910339374112,0.0014201762364313
32093,134.4263916015625,134.7896728515625,133.011474609375,133.2026824951172,116.30770111083984,-0.0088211227894284,117.29073563607416,0.002047491321875
32094,133.8432159423828,135.66921997070312,133.64244079589844,134.29254150390625,117.25933074951172,0.008182000242314,117.34759400561065,0.0029915440579292
32095,134.5984649658203,135.35372924804688,134.13002014160156,135.0286865234375,117.90210723876952,0.0054816660230723,117.69659685973517,0.0041949680111021
32096,135.67877197265625,136.63479614257812,135.43020629882812,136.46270751953125,119.15422821044922,0.0106200050279336,118.30824909246984,0.005541869882543
32097,136.6061248779297,137.1988525390625,135.86997985839844,137.0172119140625,119.6384048461914,0.0040634448564178,119.1672967730245,0.0068737588760265
32098,136.87380981445312,137.70555114746094,136.73040771484375,137.2179718017578,119.81369018554688,0.0014651260151856,120.30143158364363,0.008012599380277
32099,137.29444885253906,137.47610473632812,135.70745849609375,136.7781982421875,119.4297332763672,-0.0032046163387928,121.6854246678446,0.0087871488437262
32100,136.2332763671875,143.69981384277344,135.9464569091797,143.04971313476562,124.90577697753906,0.045851594497829,123.14214129611726,0.0090593239143755
32101,143.36520385742188,144.91395568847656,142.97323608398438,143.09751892089844,124.94750213623048,0.0003340530734532,124.38680707813764,0.0087454070093663
32102,143.55641174316406,145.2581329345703,143.11663818359375,143.15487670898438,124.99758911132812,0.0004008641568762,125.2012993784525,0.0078256231921834
32103,143.94837951660156,144.09178161621094,141.8546905517578,143.7667236328125,125.53182220458984,0.0042739471781805,125.57407359430265,0.0063394510390937
32104,143.51815795898438,144.7896728515625,142.6386260986328,143.43212890625,125.23967742919922,-0.0023272567087769,125.67897305151608,0.004371404038115
32105,143.23135375976562,143.9961700439453,142.07456970214844,143.7762908935547,125.5401840209961,0.0023994519785213,125.7256518968082,0.0020360976860601
32199,126.91204833984376,128.0019073486328,126.86424255371094,127.3613739013672,113.84654235839844,0.0099309932211466,113.5322782594707,0.000470455096309
32200,127.48565673828124,128.67112731933594,127.39962005615234,128.0305938720703,114.44475555419922,0.0052545574367779,114.11801255392942,0.001163836733459
32201,128.0305938720703,128.91014099121094,127.6864242553711,128.02102661132812,114.43620300292967,-7.473082735975911e-05,114.60529062148422,0.0017136398239551
32202,128.2122344970703,128.5946502685547,127.79158782958984,127.87763214111328,114.30801391601562,-0.0011201794847279,114.8775905232086,0.0020642175461618
32203,127.8202667236328,129.69407653808594,127.7820281982422,129.3690185546875,115.64115142822266,0.011662677589574,114.92299375806483,0.0022010466796425
32204,128.8240966796875,129.54110717773438,128.11663818359375,128.30784606933594,114.6925811767578,-0.0082027050037946,114.82384706214096,0.0021415193580022
32205,129.0057373046875,129.49330139160156,127.9636688232422,128.23135375976562,114.62420654296876,-0.0005961556805811,114.71839193041102,0.001920474071327
32206,128.374755859375,128.7667236328125,127.5908203125,128.31739807128906,114.7011260986328,0.0006710585659339,114.73672109637468,0.0015767542992072
32207,128.6328887939453,129.06309509277344,128.25047302246094,128.49903869628906,114.86348724365234,0.0014155148300805,114.93143632870446,0.0011457528591793
32208,128.54684448242188,128.8049774169922,128.28871154785156,128.64244079589844,114.9916763305664,0.001116012494398,115.24359507095726,0.0006595319314352
32209,129.7705535888672,130.420654296875,129.01528930664062,129.6271514892578,115.87190246582033,0.0076546943512985,115.53257756744271,0.0001520593872436
32210,129.8087921142578,130.1625213623047,129.06309509277344,129.5889129638672,115.83770751953124,-0.0002951099063828,115.65734335588012,-0.0003353543340717
32211,129.64627075195312,129.6558380126953,128.69024658203125,129.04397583007812,115.35060119628906,-0.0042050756499997,115.55867884876608,-0.0007529153763099
32212,129.04397583007812,129.35946655273438,128.72848510742188,128.97705078125,115.29077911376952,-0.0005186109296279,115.28934266965187,-0.001047159590573
32213,129.06309509277344,129.78012084960938,128.93881225585938,129.32122802734375,115.59841918945312,0.0026683840463948,114.97451906410905,-0.0011699733743884
32214,129.25430297851562,129.3498992919922,126.67304229736328,126.96940612792967,113.49617767333984,-0.0181857289299772,114.73167368285962,-0.0010880719879383
32215,126.70172119140624,128.2218017578125,126.5774383544922,128.1453094482422,114.54728698730467,0.0092611869008496,114.60944254934516,-0.0007892960314578
32216,129.06309509277344,129.94264221191406,128.8432159423828,129.46463012695312,115.7266082763672,0.0102954973450679,114.59632929865056,-0.0002840571254019
32217,127.69598388671876,128.92926025390625,127.6864242553711,128.43212890625,114.80368041992188,-0.0079750704716177,114.68617526580628,0.000396861195403
32218,127.55258178710938,128.33651733398438,127.34225463867188,128.2026824951172,114.59857177734376,-0.0017866033721904,114.91735703460142,0.0012054272267868
32219,127.81070709228516,129.0248565673828,127.53346252441406,128.28871154785156,114.67547607421876,0.0006710755263548,115.32326709443616,0.002079066720897
32220,128.5946502685547,129.88528442382812,128.0305938720703,129.35946655273438,115.6326141357422,0.00834649302789,115.84242423705984,0.0029437982820221
32221,129.7705535888672,130.77438354492188,129.35946655273438,130.72657775878906,116.85464477539062,0.0105682177020911,116.30425711412956,0.0037186315747679
32222,130.9751434326172,131.806884765625,130.31549072265625,130.67877197265625,116.81192016601562,-0.0003656218326376,116.53921872423396,0.0043206163398652
32223,129.52198791503906,130.6309814453125,129.13002014160156,130.5927276611328,116.73500061035156,-0.000658490636527,116.53206049357428,0.0046702666599634
32224,130.28680419921875,131.10899353027344,129.5889129638672,129.84703063964844,116.06845092773438,-0.0057099385713977,116.48458009765967,0.0046997252888843
32225,130.0191192626953,131.988525390625,129.7418670654297,130.6118621826172,116.75212097167967,0.0058902314839279,116.723178874257,0.0043676303841125
32226,131.28106689453125,132.11280822753906,130.98471069335938,131.91204833984375,117.91433715820312,0.0099545616546474,117.49907716068266,0.0036818565293895
32227,130.53536987304688,132.2466583251953,130.17208862304688,132.2275390625,118.19635009765624,0.0023916764173872,118.79496792164946,0.0027247299288619
32228,131.74952697753906,133.2218017578125,131.5487518310547,133.04971313476562,118.93128204345705,0.0062178903595042,120.25535902629277,0.0016691653472527
32229,137.0172119140625,139.3785858154297,136.28106689453125,137.5621337890625,122.96488189697266,0.0339153819265292,121.3135638570216,0.0007723699058837
32230,137.85850524902344,138.0592803955078,135.89866638183594,136.58700561523438,122.0932159423828,-0.007088739005338,121.48461259905412,0.0003378244497961
32231,137.08413696289062,137.5908203125,134.28298950195312,134.3785858154297,120.11912536621094,-0.0161687163445957,120.66447844231512,0.0006464797626427
32232,132.4091796875,133.91014099121094,132.02676391601562,132.52389526367188,118.46126556396484,-0.0138017971508843,119.24593400796024,0.0018726515184675
32233,133.36520385742188,134.29254150390625,132.64817810058594,133.41299438476562,119.25599670410156,0.0067087848196893,117.98239066886714,0.0040119390044302
32234,133.04971313476562,133.44168090820312,131.5487518310547,131.63479614257812,117.66648864746094,-0.0133285377722724,117.67945225418173,0.0068491406671226
32235,130.74569702148438,130.9464569091797,129.034423828125,130.75526428222656,116.88031005859376,-0.0066814145463508,118.85349163972326,0.0099822871480773
32236,136.6156768798828,137.71510314941406,134.5984649658203,137.4091796875,122.828125,0.0508880831889007,121.4964602766266,0.0129005996340253
32237,137.90631103515625,140.8030548095703,137.5717010498047,139.8374786376953,124.9987564086914,0.0176721040778844,125.06033156486528,0.0150959439612754
32238,141.28106689453125,142.81069946289062,140.420654296875,142.55258178710938,127.4257354736328,0.0194160256843374,128.68699888707374,0.0161749190189449
32239,143.6042022705078,150.51625061035156,143.54684448242188,149.45506286621094,133.59579467773438,0.0484208247350339,131.578598558103,0.015937942694303
32240,149.92352294921875,151.76864624023438,148.5850830078125,149.86614990234375,133.96324157714844,0.0027504376189417,133.31581230074292,0.0144038520425505
32241,147.7533416748047,148.69981384277344,146.1950225830078,146.66348266601562,132.46939086914062,-0.0111511985707476,133.94829383444014,0.0117781051939515
32242,146.24282836914062,147.64817810058594,144.91395568847656,147.6386260986328,133.3501739501953,0.0066489554702093,133.82177674438046,0.0083817402601228
32243,148.29827880859375,148.3938751220703,146.0133819580078,146.73040771484375,132.52984619140625,-0.0061516812051212,133.30263548825727,0.0045692610528668
32244,146.988525390625,148.75717163085938,146.76864624023438,148.47991943359375,134.11004638671875,0.0119233534235774,132.6274460348522,0.0006617456027885
32270,96.4818344116211,96.54875946044922,90.54492950439452,91.19503021240234,82.36919403076172,-0.0493320322323638,84.89529277923492,0.0029645883490271
32271,90.43977355957033,93.44168090820312,86.57743835449219,90.602294921875,81.83381652832031,-0.0064997297684066,85.7616825921258,0.0086041426892511
32272,95.59273529052734,101.37667083740234,94.89483642578124,100.84130096435548,91.0818862915039,0.1130103685190229,88.29794385320984,0.0127580020534066
32273,100.84130096435548,107.53346252441406,98.3078384399414,101.19503021240234,91.40138244628906,0.0035077902730584,91.70016949830683,0.0151936097995196
32274,102.20841217041016,108.17399597167967,100.9273452758789,107.92543029785156,97.48041534423828,0.0665092007937788,94.68030627745348,0.0160012233940719
32275,103.80496978759766,106.5965576171875,102.9158706665039,103.27915954589844,93.28382110595705,-0.043050639694769,96.20844580377396,0.0155646788298716
32276,103.33651733398438,108.4703598022461,103.06883239746094,107.9636688232422,97.51496124267578,0.0453577060475767,96.03610857519482,0.0144437680368133
32277,107.07456970214844,108.80496978759766,105.3250503540039,106.05162811279295,95.78794860839844,-0.0177102324840133,94.75289748434288,0.0132053857617332
32278,101.68260192871094,105.08604431152344,99.92351531982422,100.51625061035156,90.78829193115234,-0.0521950490628602,93.4370819353893,0.0122611252138244
32279,100.73613739013672,105.46845245361328,100.51625061035156,105.16252136230467,94.98489379882812,0.0462240425324689,93.11842422712208,0.0117658305835286
32280,104.13002014160156,105.2294464111328,100.30592346191406,101.66348266601562,91.82450103759766,-0.0332725829848689,94.31430321188024,0.0116094985149344
32281,105.49713134765624,110.54492950439452,105.28680419921876,109.7705535888672,99.14696502685548,0.0797441195597636,96.84751890378564,0.0115009131368267
32282,113.57552337646484,114.31166076660156,109.818359375,109.8852767944336,99.2505874633789,0.0010451397730162,99.99741919054414,0.0111076135248366
32283,111.19503021240234,114.68450927734376,110.00955963134766,114.04397583007812,103.00680541992188,0.0378458007407656,102.86050338399154,0.0101981595051701
32284,115.181640625,117.51434326171876,114.8852767944336,116.15679168701172,104.91514587402344,0.0185263531503763,104.724477995156,0.0087366210535137
32285,116.28107452392578,116.44359588623048,112.84894561767578,115.82218170166016,104.61293029785156,-0.0028805714718708,105.30817078458576,0.0069010254960717
32286,118.03059387207033,119.6749496459961,117.22753143310548,118.46080017089844,106.99617767333984,0.022781575553832,104.80423746769476,0.005025732410074
32287,113.88145446777344,114.9043960571289,111.62523651123048,113.4703598022461,102.48870086669922,-0.0421274563695348,103.72598777972472,0.0034922236458629
32288,113.77629089355467,114.48374938964844,109.38814544677734,110.64053344726562,99.93275451660156,-0.0249388110931566,102.63594919919936,0.0026075982135115
32289,114.05353546142578,115.0956039428711,112.73422241210938,114.83747863769533,103.72351837158205,0.037933146877791,101.9226276475136,0.0025112211940573
32290,113.9101333618164,117.45697784423828,112.94454956054688,115.1147232055664,103.97391510009766,0.0024140786240838,101.76849234925152,0.0031362545568274
32291,108.9866180419922,111.99808502197266,107.13192749023438,111.62523651123048,100.82215881347656,-0.0303129518936248,102.2601197620177,0.0042310108221231
32292,114.59847259521484,115.03823852539062,112.38050079345705,114.06309509277344,103.0240707397461,0.0218395633676433,103.44150670208352,0.0054277564242841
32293,114.31166076660156,117.61949920654295,113.88145446777344,116.0133819580078,104.78561401367188,0.017098366054431,105.2167133681056,0.0063386830650893
32294,117.02677154541016,119.50286865234376,115.44933319091795,119.23518371582033,107.69561004638672,0.0277709498589677,107.2296868806908,0.0066546911677406
32295,120.03823852539062,121.40535736083984,119.95220184326172,120.38240814208984,108.73180389404295,0.0096215049732288,108.90268309201272,0.0062201251202704
32296,122.39962005615234,122.56214141845705,119.86615753173828,120.7170181274414,109.0340347290039,0.0027795991985515,109.6718290185863,0.0050615251282817
32297,123.21223449707033,123.62332916259766,121.9216079711914,123.03059387207033,111.12369537353516,0.019165214327113,109.29539449710424,0.0033632642498378
32298,120.95602416992188,121.67304229736328,119.71319580078124,120.03823852539062,108.42093658447266,-0.0243220744232574,108.03822065930903,0.0014012816745717
32299,117.77246856689452,118.04015350341795,116.05162811279295,116.51051330566406,105.23463439941406,-0.0293882554922968,106.57762979337473,-0.0005398926008914
32300,115.5066909790039,116.60611724853516,114.13957977294922,116.32887268066406,105.07057189941406,-0.0015590162016176,105.64030961328244,-0.0022367726118588
32301,117.9636688232422,118.85277557373048,117.0841293334961,117.18929290771484,105.84770965576172,0.0073963407859969,105.58305672012207,-0.0035603693606634
32302,117.8202667236328,118.59464263916016,117.02677154541016,117.75334930419922,106.35719299316406,0.0048133619429204,106.19256507527538,-0.0044685245049643
32303,117.57170104980467,117.83938598632812,115.53536987304688,115.8986587524414,106.08590698242188,-0.0025507067562381,106.83312029112884,-0.004971417177648
32304,117.27533721923828,117.81070709228516,115.73613739013672,117.58126068115234,107.62604522705078,0.0145178401960979,106.8507585005886,-0.0050937556819241
32305,116.45315551757812,118.02103424072266,115.36328887939452,117.1988525390625,107.27601623535156,-0.0032522703120865,105.99690101851346,-0.0048530910289076
32306,117.60037994384766,118.85277557373048,114.97132110595705,114.97132110595705,105.2370834350586,-0.0190064179473236,104.60773835413876,-0.0042611056201627
32307,114.6749496459961,114.71319580078124,109.79923248291016,110.64053344726562,101.2729721069336,-0.0376683883544838,103.39299436327973,-0.0033402696207319
32308,109.53154754638672,111.94072723388672,106.8929214477539,111.806884765625,102.340576171875,0.0105418458916572,102.94881954934104,-0.0021388931890623
32309,110.8317413330078,112.22753143310548,110.181640625,111.83556365966795,102.3668212890625,0.0002564487925436,103.3515279040153,-0.0007299684012283
32310,114.6080322265625,116.97896575927734,114.48374938964844,116.21414947509766,106.37468719482422,0.0391520011590897,104.16043899874752,0.0008069156921754
32311,115.86042022705078,116.79732513427734,114.85659790039062,115.0,105.26333618164062,-0.0104475138070033,104.82435684729288,0.002406623089445
32312,115.61185455322266,117.0841293334961,115.2963638305664,116.04206848144533,106.21717834472656,0.009061485201647,105.13556088211872,0.0040256953933969
32313,115.6692123413086,116.36711120605467,113.73805236816406,113.88145446777344,104.23949432373048,-0.018619248334554,105.33990461563526,0.0056300455363661
32314,114.1204605102539,114.216064453125,112.41873931884766,113.18355560302734,103.6006851196289,-0.0061282837972876,105.83076416618972,0.0071722854481443
32315,115.96558380126952,117.22753143310548,115.68833923339844,116.40535736083984,106.5497055053711,0.0284652594945382,106.73613273924944,0.0085741775856469
32316,118.48948669433594,120.2963638305664,118.04015350341795,120.01911926269533,109.85749053955078,0.0310445253554731,107.79584797989128,0.0097236385116303
32317,121.29063415527344,121.38623046875,118.75717163085938,119.05353546142578,108.97367095947266,-0.0080451462684734,108.63461278899857,0.0104846493693838
32318,118.23136138916016,119.6271514892578,116.86424255371094,119.40726470947266,109.29744720458984,0.0029711419489355,109.15585271174356,0.0107135848535032
32319,119.15869903564452,120.21988677978516,118.57552337646484,119.397705078125,109.28870391845705,-7.9995337095351e-05,109.68318673521831,0.0102798828171272
32320,120.14340209960938,120.45889282226562,119.17781829833984,120.45889282226562,110.26004028320312,0.0088878020318625,110.71653210728276,0.0090941871647623
32321,121.55831909179688,123.90057373046876,121.4149169921875,123.37476348876952,112.92903137207033,0.0242063315232961,112.48430879058496,0.0071442606055211
32322,122.16061401367188,123.27915954589844,121.4340362548828,123.22179412841795,112.7890167236328,-0.0012398463595797,114.61715226869538,0.0045294477195879
32323,128.0019073486328,128.32696533203125,125.95602416992188,126.25238800048828,115.5630111694336,0.0245945440999624,116.20414623343969,0.0014767794751976
32505,117.94454956054688,118.88145446777344,116.95984649658205,117.0841293334961,111.62052154541016,-0.0060060225321133,110.72536609914222,0.0005269562822748
32506,116.8738021850586,116.8738021850586,113.65200805664062,113.6998062133789,108.39411926269533,-0.0289050995107762,110.29266287431494,0.001277149814241
32507,115.05735778808594,116.94072723388672,114.5889129638672,115.43020629882812,110.04377746582033,0.0152190747463616,109.88269371393604,0.0022132235191528
32508,115.43020629882812,116.53919982910156,114.97132110595705,115.03823852539062,109.67010498046876,-0.0033956711951989,109.76034326159515,0.0033077098500474
32509,115.20076751708984,117.23709106445312,114.7036361694336,116.97896575927734,111.520263671875,0.0168702190240059,110.0641869074228,0.0044758208724862
32510,116.63479614257812,117.8011474609375,113.53728485107422,114.82791900634766,109.46958923339844,-0.0183883571555232,110.7977333752164,0.0055877619317116
32511,115.33460998535156,118.3078384399414,114.96176147460938,117.42829895019533,111.9486312866211,0.0226459427735417,111.8637979786163,0.0064971230054641
32512,117.58126068115234,121.2715072631836,117.4760971069336,119.32122039794922,113.7532196044922,0.0161197890240465,113.09684736193896,0.0070770510076498
32513,119.8852767944336,120.86997985839844,118.6998062133789,118.71892547607422,113.17903137207033,-0.005047665766457,114.30373961892462,0.0072542707505722
32514,119.55066680908205,122.60037994384766,119.13002014160156,122.24665069580078,116.54214477539062,0.0297149866238406,115.32554489160832,0.0070309024189907
32515,122.45697784423828,122.98279571533205,121.20458984375,121.54875946044922,115.87681579589844,-0.0057089131212958,116.0942300049972,0.0064871565266033
32516,121.5965576171875,122.06501007080078,121.04206848144533,121.99808502197266,116.30517578125,0.0036966841245107,116.6408460665948,0.0057639167581322
32517,122.15105438232422,123.08795166015624,121.93116760253906,122.92543029785156,117.18924713134766,0.007601307028334,117.042915782797,0.0050303553296715
32518,122.6386260986328,122.86807250976562,121.73995971679688,122.60037994384766,116.87936401367188,-0.0026442965140689,117.3537647312188,0.0044456291058338
32519,122.81070709228516,123.79541015625,121.88336181640624,123.35564422607422,117.59938049316406,0.006160338786648,117.58048691745876,0.0041241625262723
32520,123.26959991455078,125.23900604248048,122.17017364501952,124.34034729003906,118.53813934326172,0.0079826853352533,117.73649226584878,0.0041116938509315
32521,124.3021011352539,124.7036361694336,122.87763214111328,123.23136138916016,117.48090362548828,-0.0089189498302474,117.91909405254616,0.0043760907355801
32522,122.84894561767578,124.97132110595705,122.26577758789062,124.8087921142578,118.9847183227539,0.0128005033231577,118.32130647988264,0.0048142819366345
32523,124.7036361694336,125.77437591552734,124.09178161621094,124.7227554321289,118.90270233154295,-0.0006892985281393,119.12652863309135,0.0052743774820439
32524,125.1912078857422,126.3001937866211,124.82791900634766,124.87571716308594,119.04852294921876,0.0012263860687473,120.33800926185752,0.0055893392164934
32525,124.59847259521484,127.38050079345705,124.06309509277344,127.2179718017578,121.28148651123048,0.0187567515051338,121.68542285712287,0.0056152306406163
32526,127.42829895019533,130.47801208496094,127.26577758789062,130.38241577148438,124.29825592041016,0.0248741130733116,122.73271299700444,0.0052641341268558
32527,130.0,131.0420684814453,129.55067443847656,129.88528442382812,123.82432556152344,-0.003812848019285,123.15318414430472,0.0045215488467646
32528,129.88528442382812,130.27725219726562,128.12619018554688,128.79541015625,122.78531646728516,-0.0083909933652094,122.96275415253326,0.003443151853532
32529,128.62332153320312,128.78585815429688,126.8738021850586,127.39962005615234,121.45464324951172,-0.0108373969792062,122.5083670024387,0.0021354999434389
32530,127.87763214111328,128.04014587402344,126.45315551757812,127.37093353271484,121.42730712890624,-0.0002250726680685,122.22010475790152,0.0007329386005752
32531,127.76290893554688,130.67877197265625,127.53346252441406,129.9521942138672,123.88811492919922,0.0202656870063058,122.3338967361531,-0.0006182742951529
32532,129.61758422851562,129.67495727539062,128.193115234375,128.31739807128906,122.32959747314452,-0.0125800401188231,122.778000706125,-0.0017667722724948
32533,127.95410919189452,129.0057373046875,127.8967514038086,128.9961700439453,122.97669982910156,0.0052898265777348,123.25002944769712,-0.0025606574407907
32534,128.65200805664062,129.66539001464844,128.26004028320312,129.17782592773438,123.14988708496094,0.0014082932466072,123.39417510048692,-0.0028584510146509
32535,128.93881225585938,129.7705535888672,128.78585815429688,129.76100158691406,123.7058334350586,0.0045143878184321,122.9887031685452,-0.0025506168171577
32536,129.08221435546875,129.4168243408203,127.9636688232422,128.67112731933594,122.66683197021484,-0.0083989690380218,122.0798802374172,-0.0015893837984004
32537,127.15105438232422,127.74378967285156,124.64627075195312,125.4110870361328,119.55892181396484,-0.0253361899572382,121.00292384304927,-1.8222172139211613e-05
32538,125.53536987304688,126.94072723388672,124.78011322021484,126.79732513427734,120.88046264648438,0.0110534689713568,120.26624535064224,0.002012187935312
32539,127.41873931884766,127.98279571533205,126.40535736083984,126.74951934814452,120.83489227294922,-0.0003769870873875,120.34662626279058,0.0042536631468839
32540,127.15105438232422,128.2026824951172,127.1032485961914,127.71510314941406,121.7554168701172,0.0076180363126292,121.47851376966646,0.0063998908544142
32541,127.72466278076172,127.93498992919922,126.74951934814452,127.26577758789062,121.32705688476562,-0.0035182006383217,123.51407507111294,0.008148127113471
32542,131.0420684814453,133.62332153320312,130.68833923339844,132.08413696289062,125.9205551147461,0.0378604603781274,125.9354047549405,0.0092670017035339
32543,131.988525390625,137.4091796875,131.65391540527344,137.23709106445312,130.8330535888672,0.0390126812071669,128.07270334105712,0.0096499824658976
32544,137.3804931640625,138.374755859375,134.7992401123047,135.06692504882812,128.76417541503906,-0.015813115394596,129.44187634635668,0.0093357215533839
32545,135.09559631347656,137.29444885253906,134.75143432617188,136.16635131835938,129.81228637695312,0.0081397714739812,129.9716212350934,0.0084867496472749
32546,136.1567840576172,137.31358337402344,135.2581329345703,135.3441619873047,129.02847290039062,-0.0060380530875669,129.95418633231415,0.0073347646238059
32547,135.45889282226562,136.29063415527344,134.5602264404297,135.7648162841797,129.42950439453125,0.0031080852553391,129.7960355670987,0.0061140704459721
32548,136.63479614257812,137.09368896484375,135.85086059570312,136.71128845214844,130.33180236816406,0.0069713468953909,129.79584605520765,0.0050060216139775
32549,137.7915802001953,142.1988525390625,136.69215393066406,137.89674377441406,131.46192932128906,0.0086711526472456,130.08885543250454,0.0041084449480827
32550,137.3804931640625,137.50477600097656,134.3690185546875,135.64053344726562,129.31100463867188,-0.0163615785476599,130.70404179868416,0.003433015650394
32551,137.48565673828125,139.34034729003906,137.23709106445312,138.3843231201172,131.9267578125,0.0202283879947975,131.60257238541033,0.0029258746888202
32552,138.0592803955078,140.14340209960938,137.9827880859375,139.34034729003906,132.8381805419922,0.0069085509611896,132.65211858528994,0.0025024361488933
32553,139.52198791503906,139.52198791503906,138.5946502685547,138.83364868164062,132.3551025390625,-0.0036365900297541,133.6062026825053,0.0020847071325744
32554,138.87188720703125,141.97897338867188,138.79541015625,141.89292907714844,135.27163696289062,0.0220356780197978,134.1721565561526,0.0016291072713988
32555,139.50286865234375,139.71319580078125,138.2122344970703,139.06309509277344,134.0551300048828,-0.0089930674701714,134.16773618375538,0.0011363310096241
32556,139.3881378173828,141.8546905517578,139.3881378173828,139.7418670654297,134.70947265625,0.0048811459236461,133.6639252389094,0.00064168807838
32557,138.61376953125,138.8049774169922,136.6156768798828,137.87762451171875,132.91236877441406,-0.0133405902821828,132.97924716674964,0.0001921386325217
32695,116.16000366210938,117.2699966430664,116.08000183105467,116.7300033569336,115.34066772460938,-0.0005136951660161,115.33809840327204,0.00019495789423
32696,115.0,116.33999633789062,114.55999755859376,115.80999755859376,114.43161010742188,-0.0078815012529491,115.56344958129112,0.0016624397499912
32697,118.62000274658205,119.61000061035156,117.52999877929688,118.5,117.08959197998048,0.0232276891853873,115.64619661809144,0.003038414123536
32698,117.5,119.23999786376952,116.4499969482422,117.0999984741211,115.7062530517578,-0.011814362872314,115.62676790679282,0.0042684045757291
32699,118.25,118.93000030517578,116.8499984741211,116.91999816894533,115.52839660644533,-0.0015371377140085,115.71910201718298,0.0052970917846257
32700,117.37000274658205,117.9800033569336,116.55999755859376,116.9000015258789,115.50863647460938,-0.000171041340626,116.19695887865666,0.0060676326684364
32701,117.36000061035156,119.36000061035156,117.36000061035156,118.83999633789062,117.42554473876952,0.0165953674345511,117.20575419915656,0.0065317478329158
32702,119.4000015258789,121.1500015258789,119.4000015258789,119.91000366210938,118.48281860351562,0.0090037807965734,118.6321228075854,0.0066691187762904
32703,120.4800033569336,122.08000183105467,120.06999969482422,121.58000183105467,120.1329345703125,0.0139270485480154,120.13124951903988,0.0065077698228779
32704,122.0,123.37999725341795,121.5199966430664,123.0199966430664,121.55579376220705,0.0118440392468874,121.3025834270908,0.006133988560814
32705,122.1500015258789,123.9499969482422,121.79000091552734,123.56999969482422,122.09925079345705,0.0044708443294207,121.91047806291594,0.0056835660439467
32706,124.3000030517578,125.33000183105467,123.36000061035156,124.08999633789062,122.6130599975586,0.0042081274107954,122.01860677269426,0.005313842819333
32707,123.76000213623048,124.36000061035156,120.79000091552734,122.58000183105467,121.12103271484376,-0.0121685836952811,121.95214004735352,0.0051644045947921
32708,122.3499984741211,125.02999877929688,122.3000030517578,123.76000213623048,122.28699493408205,0.0096264223735882,122.10424338610004,0.0053195860779972
32709,123.8000030517578,124.81999969482422,122.18000030517578,123.11000061035156,121.6447296142578,-0.0052521146682069,122.7101423593248,0.0057855550373297
32710,123.51000213623048,126.63999938964844,123.4800033569336,125.93000030517578,124.43115997314452,0.0229062974427469,123.7405799547288,0.0064885199853134
32711,125.87000274658205,128.63999938964844,125.20999908447266,127.4000015258789,125.8836669921875,0.0116731775172429,124.9775632377303,0.0072918532547252
32712,125.72000122070312,127.1999969482422,124.6999969482422,127.05999755859376,125.5477066040039,-0.0026688163461622,126.19336423329868,0.0080237478820991
32713,127.66000366210938,129.33999633789062,127.66000366210938,128.97000122070312,127.43498229980467,0.0150323390753246,127.28534511225072,0.0085065569709533
32714,129.05999755859375,129.7899932861328,127.5999984741211,129.75,128.2056884765625,0.0060478383788264,128.28144350364616,0.0085827027331381
32715,130.0,130.9600067138672,129.52000427246094,130.6300048828125,129.07522583007812,0.0067823617177062,129.2473086047513,0.008135698963316
32716,130.6300048828125,131.64999389648438,129.9499969482422,131.6199951171875,130.05343627929688,0.0075786073038255,130.18766255072836,0.0071059847717218
32717,131.60000610351562,133.22000122070312,131.58999633789062,132.6300048828125,131.05142211914062,0.0076736599077669,131.0172430138188,0.0055007305541458
32718,132.39999389648438,134.2100067138672,132.3000030517578,133.35000610351562,131.76284790039062,0.0054286002375711,131.6187138071853,0.0033960181342414
32719,133.75,134.3699951171875,133.3300018310547,133.91000366210938,132.31619262695312,0.0041995504452121,131.94305224239022,0.0009295886962593
