,open,high,low,close,adjcp,pct_return,adjcp_filtered,pct_return_filtered
8064,140.0800018310547,141.0,139.75,140.4600067138672,120.04713439941406,0.0017827291169179,120.70320891307834,-0.0005099680634843
8065,141.4600067138672,142.4600067138672,140.80999755859375,141.6699981689453,121.081298828125,0.0086146531850574,121.25247255728146,-0.0031145534405864
8066,142.30999755859375,144.57000732421875,141.8699951171875,144.3699951171875,123.38890075683594,0.0190582852269083,121.3396438663928,-0.0063154822891683
8067,143.10000610351562,143.88999938964844,141.10000610351562,141.30999755859375,120.77362823486328,-0.0211953628400224,120.71171386509262,-0.0098558928311708
8068,140.39999389648438,140.47000122070312,136.32000732421875,136.64999389648438,116.79084777832033,-0.0329772361297104,119.32931996118798,-0.0133361464574723
8069,136.6999969482422,138.4600067138672,135.64999389648438,137.36000061035156,117.3976593017578,0.0051957112648866,117.28899717139916,-0.0162725737433019
8070,137.61000061035156,138.08999633789062,136.44000244140625,137.08999633789062,117.16691589355467,-0.001965485594649,114.73856184245196,-0.0181826773124155
8071,131.6999969482422,131.75999450683594,128.07000732421875,129.77999877929688,110.9192886352539,-0.0533224520817522,111.8834792602715,-0.0186797694230621
8072,131.6999969482422,131.6999969482422,125.1999969482422,126.52999877929688,108.1415786743164,-0.0250426232904512,109.02761561717767,-0.0175587819506904
8073,124.45999908447266,126.87000274658205,123.08000183105467,125.26000213623048,107.05614471435548,-0.0100371565984797,106.5507442039993,-0.0148536370824369
8074,124.23999786376952,126.5199966430664,122.75,123.08000183105467,105.19296264648438,-0.0174037844613441,104.82106583876724,-0.0108494794415473
8075,123.06999969482422,123.8000030517578,120.52999877929688,122.04000091552734,104.30410766601562,-0.0084497570760115,104.09598750117146,-0.0060435529799972
8076,121.0,121.94000244140624,118.7699966430664,121.4000015258789,103.75711059570312,-0.0052442524321668,104.43550351410644,-0.0010617258658595
8077,121.79000091552734,122.72000122070312,121.51000213623048,122.66999816894533,104.84253692626952,0.0104612235666028,105.6488159582598,0.0034523049190772
8078,123.75,127.20999908447266,123.6500015258789,127.0199966430664,108.5603256225586,0.0354606899573939,107.32862450850604,0.0069520077654747
8079,128.9600067138672,128.97000122070312,126.3499984741211,127.16000366210938,108.6800308227539,0.0011026606590285,108.99992283386302,0.0090817825155181
8080,127.6500015258789,130.69000244140625,127.45999908447266,130.16000366210938,111.2440414428711,0.0235922883045445,110.31018955553009,0.0097282018004809
8081,130.2899932861328,130.5500030517578,128.0,128.1300048828125,110.12671661376952,-0.0100439072026646,111.13394197810588,0.009019262020536
8082,127.05999755859376,129.94000244140625,127.05999755859376,129.5,111.30419921875,0.010692070382068,111.53420671260996,0.0072771847759151
8083,129.08999633789062,130.41000366210938,128.02000427246094,130.16000366210938,111.87147521972656,0.0050966271260051,111.64284436248,0.0049411248673608
8084,130.1300048828125,130.94000244140625,129.60000610351562,130.6300048828125,112.27545166015624,0.0036110763680932,111.56364109660583,0.0024791183268621
8085,130.11000061035156,130.5,128.3699951171875,128.38999938964844,110.35015869140624,-0.0171479423175924,111.34451927708366,0.0003059584878891
8086,128.47999572753906,129.99000549316406,127.51000213623048,129.55999755859375,111.35576629638672,0.0091128786483458,110.99998867372152,-0.0012804692814683
8087,129.8000030517578,129.8000030517578,128.11000061035156,128.27999877929688,110.2556381225586,-0.0098794001461944,110.55523520845068,-0.0021361253266741
8088,128.3800048828125,130.8000030517578,128.36000061035156,129.58999633789062,111.38156127929688,0.0102119327039467,110.089719711836,-0.0022778460229773
8089,129.3000030517578,129.75,126.20999908447266,126.77999877929688,108.96639251708984,-0.0216837395208604,109.7434150971026,-0.001862445808276
8090,127.23999786376952,127.94000244140624,126.36000061035156,126.61000061035156,108.8202667236328,-0.0013410170795011,109.65775017927066,-0.001143230163627
8091,126.47000122070312,128.55999755859375,126.26000213623048,128.55999755859375,110.49626922607422,0.0154015658378958,109.88560912825382,-0.0004113272106712
8458,142.5500030517578,143.00999450683594,139.86000061035156,142.42999267578125,126.95106506347656,-0.0112463050376035,128.28710597915332,-0.000471351283397
8459,142.02999877929688,145.4499969482422,141.52999877929688,144.80999755859375,129.0724334716797,0.0167101269071072,128.88776946256738,-0.0032290588596268
8460,144.61000061035156,145.47000122070312,143.75999450683594,145.08999633789062,129.32196044921875,0.001933232145916,129.5485151548154,-0.0063643457654756
8461,144.60000610351562,144.86000061035156,142.92999267578125,144.44000244140625,128.7426300048828,-0.0044797530312991,129.62147144309313,-0.0095618375951959
8462,144.38999938964844,145.2100067138672,143.82000732421875,144.60000610351562,128.88519287109375,0.0011073477853102,128.40024303868418,-0.0124222777674422
8463,143.4199981689453,144.47999572753906,142.32000732421875,142.72000122070312,127.20953369140624,-0.0130011768020819,125.58079800371584,-0.0145305032905596
8464,141.6199951171875,141.89999389648438,136.89999389648438,137.02000427246094,122.12901306152344,-0.0399382065357418,121.60530826053784,-0.0155464382156163
8465,134.8800048828125,135.08999633789062,131.4600067138672,131.7100067138672,117.39608764648438,-0.0387534894157771,117.59325338447212,-0.0152927524845852
8466,123.63999938964844,135.5,115.13999938964844,127.19000244140624,113.36730194091795,-0.0343178873021589,114.79954436822074,-0.0138068885325579
8467,130.0,130.72000122070312,125.43000030517578,125.48999786376952,111.85206604003906,-0.0133657225226068,113.9016888865732,-0.0113332275823943
8468,129.33999633789062,129.75999450683594,125.2300033569336,129.33999633789062,115.28366088867188,0.0306797627448778,114.61275765713748,-0.0082537010347085
8469,131.0800018310547,132.36000061035156,129.4600067138672,131.8699951171875,117.53868865966795,0.0195606884237804,115.92459528779918,-0.0049825625804468
8470,131.42999267578125,133.72000122070312,130.86000061035156,133.24000549316406,118.75982666015624,0.0103892430178804,116.81058350212628,-0.0018674011719877
8471,132.3699951171875,132.6999969482422,130.38999938964844,130.67999267578125,116.47802734375,-0.019213562200085,116.85451910167184,0.0008674471151125
8472,128.16000366210938,128.99000549316406,126.94000244140624,127.44000244140624,113.59014892578124,-0.0247933321316136,116.3595719202071,0.0031236346426537
8473,128.7100067138672,130.6699981689453,127.73999786376952,130.6300048828125,116.43345642089844,0.025031285917012,115.94966171425814,0.004892560398741
8474,132.30999755859375,132.35000610351562,130.47999572753906,131.02000427246094,116.78108978271484,0.002985682745342,116.06250750244725,0.0062063495689646
8475,129.5500030517578,130.49000549316406,128.66000366210938,129.75999450683594,115.6580047607422,-0.0096170109737995,116.71758594151002,0.0070966218015761
8476,132.27000427246094,133.99000549316406,132.0,133.82000732421875,119.27677154541016,0.0312885112634786,117.634441906792,0.0075700324637191
8477,135.58999633789062,136.25,132.2100067138672,132.64999389648438,118.23392486572266,-0.0087430827157363,118.5131965640238,0.0076017032875936
8478,132.33999633789062,134.57000732421875,132.27000427246094,133.5500030517578,119.03609466552734,0.0067845992655297,119.23991425062692,0.0071444865317052
8479,133.16000366210938,134.86000061035156,132.88999938964844,134.6699981689453,120.0344009399414,0.0083865845668,119.89445991745248,0.0061508290316944
8480,134.72000122070312,135.1300048828125,133.72999572753906,134.42999267578125,119.82049560546876,-0.001782033590351,120.6000138962176,0.0046029232163285
8481,134.52000427246094,137.0,134.52000427246094,136.3000030517578,121.4872589111328,0.0139105025166326,121.35577139851864,0.0025447199977353
8482,136.25999450683594,137.42999267578125,136.00999450683594,137.1999969482422,122.2894287109375,0.0066029129885256,121.98188705131976,0.000106657235816
8549,140.2100067138672,141.94000244140625,139.6999969482422,140.89999389648438,126.36380767822266,0.0094567180625801,127.10381433748788,0.0009123260486785
8550,141.72000122070312,142.7899932861328,140.5,142.3800048828125,127.69113159179688,0.0105039879532133,127.06770729036066,0.0017795940000705
8551,143.0800018310547,144.07000732421875,142.80999755859375,144.05999755859375,129.19784545898438,0.0117996751098123,127.91266241861362,0.0021739060023182
8552,143.60000610351562,143.92999267578125,143.36000061035156,143.52999877929688,128.72250366210938,-0.0036791774288984,129.24406190420834,0.0018542550110234
8553,143.25999450683594,144.6699981689453,142.85000610351562,144.5399932861328,129.62828063964844,0.0070366637671737,130.50400637179368,0.0006883707472514
8554,145.05999755859375,147.55999755859375,145.0,147.35000610351562,132.14845275878906,0.0194415300943966,131.19245926926,-0.0013020295151544
8555,147.22000122070312,148.0,146.00999450683594,146.41000366210938,131.30540466308594,-0.0063795532834723,131.0008698170204,-0.0039327137141461
8556,145.9600067138672,145.9600067138672,144.5,144.58999633789062,129.6731414794922,-0.0124310433967431,129.8526550550757,-0.0068884955432885
8557,141.3800048828125,141.6999969482422,139.42999267578125,140.5,126.0051040649414,-0.028286793800942,127.86947096406662,-0.0097871059179703
8558,140.99000549316406,141.6999969482422,139.77000427246094,141.07000732421875,126.51628112792967,0.0040567964828219,125.31833505221142,-0.0122579172597804
8559,138.8300018310547,139.35000610351562,137.25999450683594,138.8300018310547,124.50737762451172,-0.0158786164555896,122.58510600648071,-0.0140148678134537
8560,136.3800048828125,136.6699981689453,132.50999450683594,133.00999450683594,119.28782653808594,-0.0419216209192587,120.12554266154828,-0.014906763314068
8561,133.6999969482422,135.10000610351562,129.8000030517578,129.99000549316406,116.57937622070312,-0.0227051694710697,118.308191897075,-0.0149344970825288
8562,130.85000610351562,131.0,128.9199981689453,130.2100067138672,116.77667999267578,0.0016924414795214,117.20149300278848,-0.0142317634484174
8563,131.5800018310547,132.1699981689453,129.63999938964844,131.9199981689453,118.31028747558594,0.0131328231202183,116.5061634669694,-0.0130158449720033
8564,132.6999969482422,132.8800048828125,127.75,128.1199951171875,114.90230560302734,-0.028805456780433,115.75388364421086,-0.0115260245226817
8565,129.58999633789062,130.07000732421875,125.80999755859376,129.1999969482422,115.87088012695312,0.0084295482048208,114.64669527573956,-0.0099708033255138
8566,125.8000030517578,127.13999938964844,124.51000213623048,125.62999725341795,112.66918182373048,-0.0276316042453006,113.27540680760112,-0.0084974970909055
8567,127.05999755859376,127.22000122070312,125.11000061035156,126.05999755859376,113.05484008789062,0.0034229259316314,112.04803569067984,-0.0071853225803502
8568,124.0,124.94000244140624,119.81999969482422,122.13999938964844,109.53923797607422,-0.0310964316882259,111.36950889855406,-0.0060544994482204
8569,122.7699966430664,125.9800033569336,121.54000091552734,123.4000015258789,110.66925811767578,0.010316121989532,111.29425552179008,-0.0050823252738905
8570,124.41999816894533,125.68000030517578,123.31999969482422,124.61000061035156,111.75442504882812,0.0098054956688917,111.42177493632836,-0.0042211410777295
8571,124.5999984741211,125.23999786376952,123.4000015258789,124.01000213623048,111.2163314819336,-0.0048149642992608,111.15635315224526,-0.0034188950506068
8572,124.9800033569336,128.14999389648438,124.5,128.00999450683594,114.80365753173828,0.0322553891321926,110.16185923742762,-0.0026451180530206
8573,119.9000015258789,120.11000061035156,115.0199966430664,116.58000183105467,104.5528564453125,-0.0892898476130159,108.64489329245905,-0.0019194080047549
8574,117.0999984741211,118.02999877929688,115.05999755859376,118.01000213623048,105.83531188964844,0.0122660966705079,107.22593671576516,-0.0013290439573931
8575,118.13999938964844,120.18000030517578,118.0199966430664,120.12999725341795,107.73660278320312,0.0179646174760377,106.52594058784965,-0.0010181893092522
8576,119.63999938964844,122.29000091552734,118.6500015258789,121.55999755859376,109.01907348632812,0.0119037603747882,106.8114990926823,-0.0011421283284924
8577,119.69000244140624,120.27999877929688,117.37000274658205,117.5199966430664,105.3958740234375,-0.0332345464607622,107.89249335842212,-0.001799919343777
8578,118.8000030517578,122.12999725341795,117.1500015258789,121.87000274658205,109.29710388183594,0.0370150150045807,109.21731881418968,-0.0029716942731708
8579,121.12000274658205,124.91000366210938,121.12000274658205,123.61000061035156,110.85759735107422,0.0142775372248231,110.06636815407532,-0.0044860194376594
8580,123.62999725341795,124.16999816894533,121.02999877929688,122.55999755859376,109.9159164428711,-0.0084945094490991,109.8143016944956,-0.00603389588612
8581,120.66999816894533,121.33000183105467,117.25,119.47000122070312,107.14469909667967,-0.0252121570367087,108.21401523961296,-0.0072326461807801
8582,117.9800033569336,119.9800033569336,117.43000030517578,118.87999725341795,106.6155776977539,-0.0049383814914476,105.58437753147923,-0.0077251822572191
8583,118.16000366210938,119.45999908447266,116.2699966430664,116.36000061035156,105.3212432861328,-0.0121401997679029,102.77041578323242,-0.0072841509130059
8584,113.18000030517578,113.4000015258789,102.0999984741211,108.44000244140624,98.15258026123048,-0.0680647398495549,100.81009466432904,-0.0058850778643296
8585,105.12000274658205,109.83999633789062,105.0,108.62999725341795,98.32455444335938,0.0017521106594569,100.40661178491293,-0.0037203971816951
8586,109.7300033569336,112.76000213623048,109.0,112.5999984741211,101.91793823242188,0.0365461487154004,101.518431824898,-0.0011455651376922
9267,360.7000122070313,363.2999877929688,354.1199951171875,359.2699890136719,347.496826171875,-0.0123703759406713,340.9931780018313,0.0008754354640783
9268,360.5499877929688,361.7099914550781,328.6300048828125,335.5899963378906,324.59283447265625,-0.0659113694692861,339.37877804154226,0.0029412910864045
9269,330.3500061035156,351.04998779296875,329.7699890136719,349.9100036621094,338.443603515625,0.0426712101191979,339.0597364031761,0.005120341660487
9270,352.510009765625,363.4100036621094,352.510009765625,354.8599853515625,343.2313537597656,0.0141463753322776,340.72590323126786,0.0070707979397116
9271,357.4700012207031,364.5700073242188,353.20001220703125,363.0700073242188,351.1723327636719,0.0231359370783599,344.1125426060782,0.0083891111367037
9272,366.9700012207031,371.5400085449219,356.760009765625,357.75,346.02667236328125,-0.0146528069563313,348.44098298558566,0.0086921619210061
9273,359.760009765625,363.2900085449219,356.4800109863281,361.9800109863281,350.1180725097656,0.0118239444333614,352.8989020947234,0.0077002301824981
9274,362.4100036621094,368.4400024414063,362.1099853515625,366.4700012207031,354.4609069824219,0.0124039140325586,356.66379949357514,0.0053049357178495
9275,367.6400146484375,372.8500061035156,359.5,372.0199890136719,359.8290100097656,0.0151444148609876,358.7710990030376,0.0016121904818884
9276,369.3299865722656,373.7000122070313,365.5499877929688,370.7699890136719,360.2760009765625,0.0012422315999056,358.33019490889666,-0.0030485920531579
9277,367.8299865722656,371.0,366.1199951171875,369.3399963378906,358.8865051269531,-0.0038567538382878,355.0505368504324,-0.0081555496930549
9278,370.2099914550781,370.4800109863281,355.989990234375,357.0299987792969,346.9249267578125,-0.0333296967098535,349.5285972414705,-0.0130641678993575
9279,349.54998779296875,355.3800048828125,342.0400085449219,349.510009765625,339.61773681640625,-0.0210627411806225,342.8994030036845,-0.0171033798627582
9280,352.0899963378906,355.8500061035156,343.8900146484375,344.7200012207031,334.9633178710937,-0.0137048759259257,336.1032034904913,-0.0196787972649021
9281,341.1199951171875,347.9800109863281,336.510009765625,341.57000732421875,331.9024963378906,-0.0091377812730556,329.42966210172153,-0.0203654137005972
9282,339.0,340.19000244140625,331.1600036621094,335.95001220703125,326.4415283203125,-0.0164535310153818,322.7159208747772,-0.0189787843183078
9283,335.54998779296875,336.0400085449219,317.20001220703125,320.94000244140625,311.8563842773437,-0.044679192987534,315.9374408529723,-0.0156181319681698
9284,302.1000061035156,322.17999267578125,296.6099853515625,317.70001220703125,308.7080993652344,-0.0100953037065595,309.6567643722663,-0.0106738340627913
9285,325.07000732421875,326.8900146484375,315.57000732421875,317.32000732421875,308.3388366699219,-0.0011961548662693,305.0569694140198,-0.004790361802866
9286,315.0,317.0,311.8699951171875,312.32000732421875,303.4803466796875,-0.0157569835921622,303.60342030171694,0.0012192585379854
9287,315.5599975585937,318.5899963378906,310.6600036621094,316.3599853515625,307.406005859375,0.0129354642652721,306.43109669676875,0.0065001164390242
9288,315.2799987792969,318.5599975585937,310.9599914550781,318.0299987792969,309.0287170410156,0.0052787230916462,313.5883161814327,0.0103037361623091
9289,325.7200012207031,334.010009765625,321.7300109863281,333.5,324.06085205078125,0.0486431654433283,323.4964998063065,0.012129188151294
9290,335.9700012207031,343.2300109863281,334.0599975585937,342.5599975585937,332.8644714355469,0.0271665624806358,333.1327447536272,0.0118231750630166
9291,341.94000244140625,347.5799865722656,337.5,346.760009765625,336.94561767578125,0.0122606844240047,339.1460158353235,0.0096085330787709
9292,364.30999755859375,369.0,356.3699951171875,359.9599914550781,349.77197265625,0.0380665434052645,339.4642401897262,0.0060259845636319
9293,357.0,358.32000732421875,341.739990234375,342.5,332.80615234375,-0.0485053738973354,334.4230317532793,0.0017994770603098
9351,446.010009765625,446.010009765625,440.1900024414063,440.6199951171875,430.2999572753906,0.0015001119756878,426.9797657138425,-0.0004995606840205
9352,443.2200012207031,444.5,426.6300048828125,432.6900024414063,422.5556945800781,-0.0179973587363295,425.7146995848623,-0.0047357747313267
9353,431.0400085449219,433.8500061035156,428.6400146484375,430.1199951171875,420.0459289550781,-0.0059394907161152,423.0278640856212,-0.0091433917075484
9354,429.7000122070313,432.0,422.0799865722656,424.4599914550781,414.5184631347656,-0.013159193886399,418.61283436634346,-0.0132833732209225
9355,423.3599853515625,434.3500061035156,416.4400024414063,422.55999755859375,412.6629638671875,-0.0044762765295085,411.58282577923984,-0.0167227976887701
9356,416.7699890136719,423.4299926757813,415.5,422.5400085449219,412.6434631347656,-4.725583376596898e-05,401.44575283845376,-0.0190963746893719
9357,371.2699890136719,402.6700134277344,365.5499877929688,400.010009765625,390.64111328125,-0.0533204856472665,389.21867425389786,-0.0201650426498223
9358,384.7099914550781,390.0,368.0,375.4100036621094,366.6173095703125,-0.0614984006909714,377.4567681282154,-0.0198595213635064
9359,378.4299926757813,381.7699890136719,363.3299865722656,377.1400146484375,368.3067932128906,0.0046083029864527,368.8990192827996,-0.0182916970946113
9360,374.989990234375,380.3900146484375,372.1000061035156,373.2999877929688,364.5567321777344,-0.0101818948340401,364.8034879446725,-0.0157226011058621
9361,370.8800048828125,385.7099914550781,366.4500122070313,378.989990234375,370.1134338378906,0.0152423509695251,364.3382326861089,-0.0124943436954122
9362,370.0,373.0700073242188,367.2000122070313,372.2799987792969,363.56060791015625,-0.0177049124096492,365.3621315330565,-0.0089516999356607
9363,371.1400146484375,378.7699890136719,371.010009765625,373.4299926757813,364.6836853027344,0.0030891063777065,365.8143169806567,-0.0053824838853488
9364,374.7000122070313,380.7999877929688,373.6799926757813,376.1600036621094,367.3497619628906,0.0073106551447263,364.743389404111,-0.0019937439469781
9365,374.0400085449219,377.0,372.2300109863281,372.7000122070313,363.9707946777344,-0.0091982291402643,362.5234219671762,0.0010764076477935
9366,368.7900085449219,369.8599853515625,361.5299987792969,362.1700134277344,353.6874084472656,-0.0282533279615849,360.35164261581247,0.003725202767898
9367,365.0,371.2099914550781,362.8900146484375,370.4599914550781,361.783203125,0.0228896887035814,359.4542100580562,0.0058506668172515
9368,375.5799865722656,375.6000061035156,367.6000061035156,370.3800048828125,361.7051086425781,-0.0002158598899764,360.5101703859314,0.0073351906203369
9369,371.8900146484375,376.6600036621094,365.5499877929688,374.2099914550781,365.4454040527344,0.0103407314986314,363.5446458941699,0.0080561778241329
9370,376.6000061035156,376.6600036621094,372.3299865722656,374.4400024414063,365.6700134277344,0.0006146181413395,368.1180251422291,0.0079199008904057
9371,376.5199890136719,382.1799926757813,374.739990234375,381.4200134277344,372.486572265625,0.018641284730988,373.4922082007088,0.0069057982466039
9372,385.7999877929688,392.8999938964844,383.1000061035156,391.5400085449219,382.3695373535156,0.0265324063301883,378.6725125286741,0.005104733220553
9373,388.5,394.8299865722656,388.5,390.75,381.5979919433594,-0.0020178004123873,382.4459973187607,0.0027349873935486
9374,389.6799926757813,391.5400085449219,384.0700073242188,384.739990234375,375.7287902832031,-0.015380588430946,383.57479722478297,0.0001250131864818
9375,385.989990234375,397.05999755859375,385.1000061035156,395.8599853515625,386.58831787109375,0.0289025698022908,381.2552706749455,-0.0023376662191032
9376,398.0700073242188,398.6600036621094,390.9500122070313,391.9299926757813,382.7503967285156,-0.0099276697333049,375.75940991010407,-0.0042809201606348
9377,376.2000122070313,379.7999877929688,371.8599853515625,374.5199890136719,365.7481384277344,-0.0444212689159951,368.7834956676672,-0.0054275260986152
9378,370.2900085449219,372.239990234375,367.75,369.0400085449219,360.3965148925781,-0.0146319911788522,362.9245579938456,-0.0056569675717727
9379,368.3999938964844,368.7900085449219,362.9200134277344,364.9400024414063,356.3925476074219,-0.0111098945736189,360.3447653993133,-0.0050276087937635
9380,364.6199951171875,371.0799865722656,364.2099914550781,370.1600036621094,361.4902648925781,0.0143036584782114,361.53091796847536,-0.0037488456219201
9381,375.75,379.9500122070313,372.0,379.6400146484375,370.7482299804688,0.0256105516164919,365.10774619684696,-0.0021134598124472
9382,376.7000122070313,377.8999938964844,373.6799926757813,375.4599914550781,366.6661682128906,-0.0110103337992826,368.8078803031975,-0.000417782000315
9383,376.510009765625,384.6400146484375,375.0299987792969,381.7200012207031,372.7795104980469,0.0166727743520824,370.8292494632456,0.0011004031865764
9384,384.1000061035156,384.1900024414063,377.4800109863281,377.5199890136719,368.6778564453125,-0.0110028956453491,370.686991845354,0.0022889550705183
9385,377.5199890136719,382.1700134277344,377.5199890136719,380.0700073242188,371.1681518554688,0.0067546649917276,369.185382568967,0.0030739785940703
9386,375.6900024414063,378.9500122070313,374.8999938964844,375.1700134277344,366.3829345703125,-0.0128923164911509,367.7085070610013,0.0034314808974971
9387,375.5400085449219,376.8699951171875,372.6099853515625,374.0199890136719,365.2598571777344,-0.0030653103259169,367.3193596981176,0.0033562976305061
9388,377.8900146484375,381.1499938964844,373.6600036621094,375.4599914550781,366.6661682128906,0.0038501658682736,368.1848605693719,0.0028434366616582
9389,376.010009765625,384.7999877929688,372.760009765625,382.7999877929688,373.8341979980469,0.0195491987168949,369.6404680687104,0.0018883259988928
9390,383.8900146484375,384.0,378.1400146484375,380.7900085449219,371.871337890625,-0.0052506167652219,370.78061888104287,0.0005022104813996
9391,378.489990234375,385.2999877929688,376.760009765625,379.0499877929688,370.1720275878906,-0.0045696189235057,371.065522139695,-0.0012673171202835
9392,379.5,381.1400146484375,375.0499877929688,377.6900024414063,368.8439025878906,-0.0035878588899714,370.4687160483302,-0.0033201406136536
9393,378.5299987792969,381.2000122070313,376.3800048828125,376.7999877929688,367.9747314453125,-0.0023564742062422,369.1644948467198,-0.0054970753986733
9394,375.5,377.6499938964844,373.25,375.7999877929688,366.9981689453125,-0.002653884673451,367.17563565862247,-0.0075853974335585
9395,376.0799865722656,377.8999938964844,374.2200012207031,376.4599914550781,367.6427307128906,0.0017563078568769,364.3420591743472,-0.0093384012191894
9396,367.8800048828125,372.4800109863281,365.6300048828125,371.6000061035156,362.89654541015625,-0.0129097760032712,360.5543606820005,-0.0105096318956156
9397,366.3299865722656,367.7099914550781,355.0199890136719,357.2300109863281,348.8631286621094,-0.0386705713392391,355.9293814463168,-0.0108978416181542
9398,357.7699890136719,361.5199890136719,353.3299865722656,359.75,351.3241271972656,0.0070543383148404,350.78961012843445,-0.0103926015079575
9399,354.760009765625,355.6499938964844,347.4700012207031,354.1300048828125,347.82257080078125,-0.0099667404696014,345.6370282363266,-0.0090078352914014
9400,351.8699951171875,355.5400085449219,347.54998779296875,354.6700134277344,348.3529357910156,0.0015248147611965,341.2441154001949,-0.0068938534663629
9401,344.510009765625,346.6300048828125,337.0,337.3699951171875,331.3611145019531,-0.0487776032387344,338.60026696538785,-0.004324006817123
9402,339.8999938964844,346.1000061035156,337.2300109863281,343.0400085449219,336.9301147460937,0.016806438656844,338.43894708119086,-0.0016554855896952
9431,374.75,375.25,368.0299987792969,369.3200073242188,362.7420349121094,-0.0124868827498325,365.4534108047784,-0.0021943725061781
9432,371.0199890136719,378.9800109863281,370.0,374.9400024414063,368.2619323730469,0.01521714312011,362.83122383649766,-0.0051363232032773
9433,367.5400085449219,369.9299926757813,362.3500061035156,364.0199890136719,357.5364074707031,-0.0291247179235426,359.5535197310809,-0.0074047965184677
9434,363.9200134277344,366.2300109863281,361.5700073242188,364.010009765625,357.526611328125,-2.739900713166765e-05,355.8805164534191,-0.008731147310623
9435,364.8800048828125,365.2300109863281,353.32000732421875,356.4599914550781,350.111083984375,-0.0207411899108799,352.2963919871406,-0.0089701896609092
9436,355.6300048828125,356.7799987792969,352.69000244140625,354.1600036621094,347.85205078125,-0.0064523327208509,349.3052711094921,-0.0081157065650733
9437,354.5,354.8500061035156,352.260009765625,354.4700012207031,348.156494140625,0.0008752093273312,347.22280687052483,-0.0062951922600869
9438,354.0,357.25,351.42999267578125,355.8599853515625,349.521728515625,0.0039213238815776,346.1793033368364,-0.0037473223519918
9439,350.4100036621094,352.9599914550781,349.3999938964844,351.1199951171875,344.8661499023437,-0.0133198546283601,346.2425126285808,-0.0007889571769041
9440,349.04998779296875,353.8500061035156,347.8999938964844,353.0899963378906,346.8011169433594,0.0056107769392954,347.4106885097843,0.0022220093889868
9441,354.489990234375,356.5199890136719,351.25,352.29998779296875,346.025146484375,-0.0022375085346426,349.44136753393184,0.0049246773896932
9442,352.6199951171875,359.260009765625,350.70001220703125,359.0,352.6058349609375,0.0190179486763388,351.7968438311017,0.0069925879656447
9443,360.0,365.4500122070313,358.1400146484375,365.3299865722656,358.82305908203125,0.0176322213209616,353.9431149720337,0.0081680251156747
9444,360.5,362.8500061035156,359.0199890136719,361.6099853515625,355.1693115234375,-0.0101825885101728,355.8040264969721,0.0082891493457421
9445,361.260009765625,365.3500061035156,361.2000122070313,362.75,356.2890319824219,0.0031526385378892,357.8574950768714,0.0073073587670587
9446,362.75,369.75,362.0,369.5199890136719,362.9384460449219,0.0186629771494848,360.609092416207,0.0052954838315829
9447,367.6000061035156,368.4500122070313,359.75,361.1099853515625,354.6782531738281,-0.022759211544294,363.80033800065576,0.0024480180001017
9448,370.6700134277344,378.3999938964844,368.5,377.3599853515625,370.6387939453125,0.0450000546372999,366.09238521882753,-0.0009290542105917
9449,376.9400024414063,382.4800109863281,371.8900146484375,373.4200134277344,366.76904296875,-0.0104407607616311,365.6962610333191,-0.0044454464081265
9450,374.2699890136719,376.4299926757813,370.6799926757813,373.0700073242188,366.42523193359375,-0.0009374047285271,361.6314961024409,-0.0076766048983959
9451,370.2799987792969,371.3599853515625,360.0299987792969,361.4299926757813,354.9925537109375,-0.0312005757963964,354.6329202334181,-0.0102338249717393
9452,356.17999267578125,357.69000244140625,345.7099914550781,348.0899963378906,341.89013671875,-0.0369089910625463,346.8747909042384,-0.0118385296582482
9453,346.20001220703125,348.42999267578125,342.0,345.0,338.8551940917969,-0.0088769528600053,340.6308405757284,-0.0123763761640259
9454,344.989990234375,346.0799865722656,339.1099853515625,340.2099914550781,334.1505126953125,-0.0138840468687337,336.90264730598403,-0.0119113948188956
9455,339.8399963378906,347.489990234375,336.5599975585937,347.4599914550781,341.2713623046875,0.0213103058018289,335.06678210273776,-0.0106566108543399
9456,348.489990234375,351.2900085449219,341.04998779296875,341.17999267578125,335.10321044921875,-0.0180740388347083,333.70342735402784,-0.0089149451832582
9457,341.9100036621094,344.2900085449219,333.0,334.2900085449219,328.3359375,-0.0201945930035912,331.8243212714885,-0.0070115555025594
9458,334.5599975585937,340.5400085449219,332.32000732421875,339.5599975585937,333.5120849609375,0.0157647910866822,329.54064436485,-0.0052340347817422
9459,332.4599914550781,333.3699951171875,326.9599914550781,331.0599975585937,325.1634826660156,-0.0250323831470745,327.79238628872525,-0.0037875422724146
9460,333.989990234375,335.70001220703125,329.1400146484375,332.45001220703125,326.5287475585937,0.0041987030074357,327.46388651325003,-0.0027661720626543
9461,328.6000061035156,333.6499938964844,324.57000732421875,331.3800048828125,325.477783203125,-0.0032185967187471,328.56419841045306,-0.0021412544291224
9462,331.29998779296875,336.42999267578125,328.8599853515625,336.3500061035156,332.4206848144531,0.0213314148296113,330.0727758543619,-0.0017691356609116
9463,334.0599975585937,339.0799865722656,333.1700134277344,337.54998779296875,333.6066589355469,0.0035676905056487,330.59137398904306,-0.0014222486570804
9464,333.67999267578125,336.010009765625,331.3699951171875,332.94000244140625,329.050537109375,-0.0136571669183981,329.331987869993,-0.0008444527133362
9493,376.6099853515625,380.1000061035156,374.4200134277344,377.0299987792969,372.6254577636719,-0.0062205874178099,376.8490708347261,-0.0012214384511867
9494,379.5400085449219,381.8900146484375,375.30999755859375,381.6499938964844,377.1914978027344,0.0122536985703172,378.2263793479837,-0.0023952192374672
9495,384.9100036621094,391.0,383.1000061035156,386.2000122070313,381.6883544921875,0.0119219460556476,379.7752481673873,-0.0032592127337211
9496,387.1000061035156,388.2300109863281,383.3299865722656,386.8900146484375,382.3703002929688,0.0017866560316952,380.060177776814,-0.0037659398615733
9497,388.1900024414063,389.6900024414063,381.30999755859375,382.8599853515625,378.3873596191406,-0.0104164488475608,378.2187335246516,-0.0038709175587439
9498,383.0,383.7699890136719,376.6900024414063,380.4700012207031,376.0252685546875,-0.006242521068438,374.6654806383642,-0.0035535249294536
9499,381.7000122070313,382.8500061035156,374.6300048828125,374.9400024414063,370.5599060058594,-0.0145345619187644,370.8811474184601,-0.0028479773927869
9500,371.8500061035156,372.989990234375,363.7699890136719,367.3599853515625,363.06842041015625,-0.0202166653064314,368.4256513407882,-0.0018674940481722
9501,366.2099914550781,372.25,363.2300109863281,372.0700073242188,367.7234191894531,0.0128212714673399,367.9105197054073,-0.0008063708349224
9502,372.25,376.1300048828125,371.7200012207031,375.7000122070313,371.3110046386719,0.0097562060559717,368.71451424625377,8.56592727998864e-05
9503,374.05999755859375,378.1499938964844,373.05999755859375,376.5400085449219,372.1412048339844,0.0022358620804152,369.6384876505889,0.000550177038872
9504,371.0499877929688,377.3399963378906,368.6400146484375,374.1000061035156,369.7297058105469,-0.0064800645349479,369.9167648224867,0.0003738209272578
9505,376.0,377.8599853515625,373.5,374.9599914550781,370.5796508789063,0.0022988281844871,369.7240284517096,-0.0005642989533698
9506,373.7000122070313,374.5400085449219,370.3299865722656,371.0,366.6659240722656,-0.0105610947534718,369.77580518652064,-0.002259336669239
9507,373.0,376.9400024414063,370.0799865722656,374.9200134277344,370.5401611328125,0.0105661224733371,370.3754892417613,-0.0045655290796402
9508,374.25,378.7000122070313,372.6799926757813,373.1799926757813,368.8204345703125,-0.0046411340601851,370.7039430626571,-0.0072028271954466
9509,372.5799865722656,373.5299987792969,370.5299987792969,370.9599914550781,366.6263732910156,-0.0059488604037165,369.0119960482093,-0.00978952749436
9510,370.2200012207031,377.4200134277344,369.239990234375,372.4299926757813,368.0791931152344,0.003962671346247,363.7667053515053,-0.0119023199774803
9511,372.4200134277344,373.7999877929688,369.05999755859375,369.05999755859375,364.7485961914063,-0.009048587874907,355.0335803926954,-0.0131577797494244
9512,369.0,369.3500061035156,344.0,344.0,339.9813232421875,-0.0679023119151961,344.9628794755039,-0.0132986650671405
9513,332.8900146484375,334.239990234375,324.3999938964844,331.0599975585937,327.1925048828125,-0.0376162379668862,336.7463051092702,-0.0122587087393963
9514,336.07000732421875,341.4800109863281,334.4599914550781,337.0,333.0631103515625,0.0179423592568315,332.68973344615125,-0.0101793203406848
9515,345.0,350.79998779296875,336.5,340.5,336.522216796875,0.0103857387318015,332.9153468535544,-0.0073678632550292
9516,341.70001220703125,345.739990234375,337.7699890136719,344.54998779296875,340.5248718261719,0.011894177648642,335.6404137510829,-0.0042136052379403
9517,342.9200134277344,343.3699951171875,338.8999938964844,339.8299865722656,335.86004638671875,-0.0136989272308848,338.57600750668735,-0.0010951092188704
9592,344.32000732421875,347.8900146484375,342.6300048828125,342.82000732421875,342.82000732421875,-0.0074552673357186,342.5361026232659,-0.0010993442436477
9593,342.29998779296875,344.5,338.0,340.489990234375,340.489990234375,-0.0067966193339473,341.49198217659773,-0.0061931558375823
9594,338.7699890136719,339.989990234375,336.1000061035156,338.8800048828125,338.8800048828125,-0.0047284366581651,340.421621192885,-0.0110360431959223
9595,338.1199951171875,341.4700012207031,335.8599853515625,338.29998779296875,338.29998779296875,-0.0017115707078803,338.59883054695626,-0.0150895077827266
9596,338.2900085449219,341.239990234375,335.3900146484375,336.2799987792969,336.2799987792969,-0.0059709993690808,334.85922766984146,-0.0178789027426639
9597,334.04998779296875,334.6600036621094,330.2300109863281,330.3800048828125,330.3800048828125,-0.0175448849705646,328.3039436179737,-0.0190907565644812
9598,320.0,321.739990234375,316.3299865722656,317.8999938964844,317.8999938964844,-0.0377747163928847,318.9725686209812,-0.0186761943131288
9599,318.260009765625,320.6400146484375,303.6300048828125,304.1400146484375,304.1400146484375,-0.043283987141338,308.06874123371165,-0.016935918465084
9600,307.0,315.2200012207031,304.0599975585937,305.5899963378906,305.5899963378906,0.0047674808299367,297.5954781582792,-0.0145540470543297
9601,300.3699951171875,301.0,284.2900085449219,287.760009765625,287.760009765625,-0.0583461068292007,289.5330182141292,-0.0125517820329889
9602,278.07000732421875,282.8599853515625,269.6000061035156,275.1099853515625,275.1099853515625,-0.0439603279982013,284.8566533234762,-0.0121476146118567
9603,279.5400085449219,291.7099914550781,274.2900085449219,289.2699890136719,289.2699890136719,0.0514703370145375,282.8673194459213,-0.0145339799325507
9604,292.0,297.44000244140625,278.0799865722656,280.6199951171875,280.6199951171875,-0.0299028389567075,281.3248629346881,-0.0206065671013362
9605,284.54998779296875,285.9100036621094,277.010009765625,283.1199951171875,283.1199951171875,0.0089088448560339,277.4128048264116,-0.0307044444340148
9606,275.7900085449219,276.3099975585937,259.6499938964844,260.3699951171875,260.3699951171875,-0.0803546213349694,268.94347225679945,-0.0444247818691754
9607,253.6999969482422,264.2900085449219,249.8000030517578,262.3299865722656,262.3299865722656,0.0075277162954048,255.13049325424893,-0.0605608242728135
9608,238.0,241.47999572753903,224.3699951171875,227.1699981689453,227.1699981689453,-0.1340296199559122,236.7118698709513,-0.0771859329244082
9609,237.0,237.8300018310547,215.0,231.009994506836,231.009994506836,0.0169036244611617,215.55440915504795,-0.0918818491700866
9610,222.9900054931641,226.9900054931641,187.0,189.0800018310547,189.0800018310547,-0.1815072666673758,193.8589017475421,-0.1020875965978598
9611,160.52999877929688,189.8500061035156,154.80999755859375,154.83999633789062,154.83999633789062,-0.1810873977236256,173.1614410346348,-0.1055232925899566
9612,174.97000122070312,178.27999877929688,161.3800048828125,170.1999969482422,170.1999969482422,0.0991991796281956,153.7362679667161,-0.1006239976928281
9613,149.4199981689453,151.0,128.75999450683594,129.61000061035156,129.61000061035156,-0.2384841190698378,135.09767375125284,-0.0869115567142947
9614,132.50999450683594,134.9600067138672,101.25,124.13999938964844,124.13999938964844,-0.0422035428974935,117.46133682216946,-0.0652351571811536
9615,99.86000061035156,107.8499984741211,89.0,101.88999938964844,101.88999938964844,-0.1792331247736041,102.96721369632004,-0.0378119845191812
9616,98.8000030517578,103.56999969482422,90.3499984741211,97.70999908447266,97.70999908447266,-0.0410246376505568,95.40862541025332,-0.0080042279724005
9617,99.8499984741211,107.0,94.27999877929688,95.01000213623048,95.01000213623048,-0.027632759937987,98.2566412301784,0.0201941557949407
9618,98.75,114.48999786376952,93.55999755859376,105.62000274658205,105.62000274658205,0.1116724594442,112.04613666497885,0.0429055928264951
9619,123.68000030517578,127.95999908447266,116.12999725341795,127.68000030517578,127.68000030517578,0.2088619294161835,132.8832693164262,0.0571948600317547
9620,154.89999389648438,174.77000427246094,141.0,158.72999572753906,158.72999572753906,0.2431860537918921,153.43567558347743,0.0617424404152804
9621,172.2899932861328,186.47999572753903,167.17999267578125,180.5500030517578,180.5500030517578,0.1374661873088745,166.23500616862157,0.0571385565197413
9622,172.0,172.9199981689453,155.5399932861328,162.0,162.0,-0.1027416379851299,167.37669223119568,0.0456755419690612
9623,153.80999755859375,153.80999755859375,140.67999267578125,152.27999877929688,152.27999877929688,-0.0600000075352045,158.2697579827256,0.0306919079950655
9624,155.0,160.63999938964844,149.0,149.13999938964844,149.13999938964844,-0.0206199068480379,144.48796607609094,0.0156855967464241
9625,138.91000366210938,144.3800048828125,130.0,130.6999969482422,130.6999969482422,-0.1236422322440088,132.69608434668146,0.0034821481463549
9626,128.50999450683594,136.67999267578125,120.0199966430664,123.2699966430664,123.2699966430664,-0.056847746585014,127.49316830159408,-0.0043057897369795
9627,125.0,131.2899932861328,122.5,124.5199966430664,124.5199966430664,0.0101403426141029,129.67709701150878,-0.0074149333497357
9628,133.6999969482422,149.69000244140625,129.2100067138672,148.77000427246094,148.77000427246094,0.1947478981942683,136.5679315994021,-0.006692558555918
9629,162.0,164.8000030517578,140.25999450683594,141.5800018310547,141.5800018310547,-0.0483296513740653,143.98250171344696,-0.0036250396886092
9630,147.50999450683594,154.0,144.5500030517578,146.8699951171875,146.8699951171875,0.0373639865639023,148.58908766314693,0.0001766224813132
9631,154.7100067138672,157.97999572753906,150.08999633789062,151.83999633789062,151.83999633789062,0.0338394592900854,149.32088811055118,0.0033792763197722
9632,155.5,156.0,146.25999450683594,147.3300018310547,147.3300018310547,-0.0297022827687628,147.31746914480078,0.0051463628585428
9633,150.50999450683594,152.39999389648438,140.0,141.0,141.0,-0.042964784852941,144.7473514051351,0.0051800283005762
9634,139.0,148.69000244140625,132.89999389648438,145.97999572753906,145.97999572753906,0.0353191186350287,143.3144499047998,0.0036394035688905
9635,141.4600067138672,143.24000549316406,134.0,134.24000549316406,134.24000549316406,-0.0804219110698347,143.28957964411342,0.000998635311933
9636,149.41000366210938,154.0,145.0,154.0,154.0,0.1471989995399858,143.58886180263193,-0.002107654082907
9637,147.2100067138672,151.6300048828125,142.5,143.61000061035156,143.61000061035156,-0.0674675285042106,142.76359249178947,-0.0050302387516414
9638,139.00999450683594,141.89999389648438,135.4499969482422,136.3300018310547,136.3300018310547,-0.0506928399718433,140.13904641586063,-0.0072366878708254
9639,140.4199981689453,140.82000732421875,134.52000427246094,134.97000122070312,134.97000122070312,-0.0099757983722242,136.30615681973077,-0.0084170196755784
9640,136.5,142.3800048828125,136.0500030517578,137.74000549316406,137.74000549316406,0.0205231106720626,132.75352230301442,-0.0085400971869722
9641,137.0,137.57000732421875,128.3300018310547,128.97999572753906,128.97999572753906,-0.0635981517080725,130.98730262452335,-0.0078400827818899
9642,129.97000122070312,131.1999969482422,123.83000183105467,128.67999267578125,128.67999267578125,-0.0023259657442659,131.62639615067678,-0.0067321011037543
9643,133.8800048828125,137.1999969482422,127.73999786376952,131.3000030517578,131.3000030517578,0.0203606661882385,133.9254150352408,-0.0056787257732136
9644,138.0800018310547,147.17999267578125,135.25,139.0,139.0,0.0586443013653767,136.09625510702963,-0.0050461908817202
9645,137.6699981689453,144.64999389648438,132.30999755859375,141.02000427246094,141.02000427246094,0.0145324048378485,136.39707144813997,-0.0049982459304304
9646,143.22999572753906,143.7100067138672,132.83999633789062,133.3699951171875,133.3699951171875,-0.0542476877287073,134.31178106485586,-0.0054660509140101
9647,127.12000274658205,131.5,124.3499984741211,131.4600067138672,131.4600067138672,-0.0143209752811498,130.9078708313179,-0.0061997007157719
9648,132.8800048828125,133.8000030517578,125.0,125.4000015258789,125.4000015258789,-0.0460977094058602,128.03006824946428,-0.0068683259355898
9649,125.8000030517578,126.86000061035156,121.37000274658205,121.86000061035156,121.86000061035156,-0.028229672029125,126.9239275280998,-0.0071584212304937
9650,122.80999755859376,130.7100067138672,122.36000061035156,128.64999389648438,128.64999389648438,0.055719622945382,127.37040527288327,-0.0068346661593493
9651,132.57000732421875,135.5500030517578,131.55999755859375,133.44000244140625,133.44000244140625,0.0372328703627926,128.01487713033617,-0.0057603617208866
9652,130.9199981689453,131.0,127.9499969482422,128.91000366210938,128.91000366210938,-0.0339478319575571,127.58273229259083,-0.0039000995995916
9653,129.72000122070312,133.1199951171875,125.1999969482422,125.22000122070312,125.22000122070312,-0.0286246399548497,125.93387897013606,-0.0013260347948194
9685,173.4199981689453,173.85000610351562,167.60000610351562,170.00999450683594,170.00999450683594,-0.0278477255260827,178.58040154989615,0.0003564737791278
9686,181.0,194.5,176.27000427246094,194.4900054931641,194.4900054931641,0.1439915991841516,181.20580639045505,0.0015167678519837
9687,188.0200042724609,188.4900054931641,180.3800048828125,183.3000030517578,183.3000030517578,-0.0575351027063423,183.64656319459803,0.0018845918573915
9688,185.8800048828125,190.6100006103516,180.0399932861328,180.32000732421875,180.32000732421875,-0.0162574777846435,184.79210728029875,0.0015673751591132
9689,185.5800018310547,187.7899932861328,180.42999267578125,180.8099975585937,180.8099975585937,0.0027173370367823,184.3095462791472,0.000813522125738
9690,184.5200042724609,189.3600006103516,181.6000061035156,187.9100036621093,187.9100036621093,0.0392677739029048,182.4957964986468,-5.678968005276265e-05
9691,185.07000732421875,185.07000732421875,178.64999389648438,178.8800048828125,178.8800048828125,-0.0480549124757302,180.03554332939203,-0.0007395699818153
9692,179.0500030517578,181.5800018310547,175.50999450683594,180.0800018310547,180.0800018310547,0.0067083906277189,177.83669640829828,-0.0010288239585537
9693,179.6699981689453,180.75,172.80999755859375,173.27999877929688,173.27999877929688,-0.0377610116760069,176.76180336759634,-0.000871088217479
9694,171.6999969482422,179.3300018310547,169.75,178.44000244140625,178.44000244140625,0.029778414695637,177.18905044406293,-0.0003765140155287
9695,180.1999969482422,183.25,174.36000061035156,175.64999389648438,175.64999389648438,-0.0156355554065743,178.69314159538118,0.000217656434526
9696,177.0,181.3000030517578,173.41000366210938,179.9600067138672,179.9600067138672,0.0245375062177504,180.2141531214744,0.0006181845245511
9697,185.5399932861328,189.52999877929688,181.25,187.94000244140625,187.94000244140625,0.0443431619794674,180.73352831860035,0.0005561100843635
9698,184.32000732421875,184.58999633789065,177.33999633789062,178.6999969482422,178.6999969482422,-0.0491646555982396,179.9857736233246,-0.0001491421595148
9699,178.41000366210938,181.1000061035156,175.5500030517578,175.66000366210938,175.66000366210938,-0.0170117142588049,178.59170319201215,-0.001554515583871
9700,175.1300048828125,176.57000732421875,171.6199951171875,174.4199981689453,174.4199981689453,-0.0070591225510234,177.46847648750517,-0.0035827143607217
9701,178.42999267578125,182.6499938964844,176.75,178.6300048828125,178.6300048828125,0.0241371789821331,177.0504229799653,-0.0060247265808374
9702,176.42999267578125,182.9499969482422,175.38999938964844,179.7899932861328,179.7899932861328,0.0064938049130172,176.99710035170494,-0.0085521626894316
9703,178.0,182.5,175.4199981689453,176.4499969482422,176.4499969482422,-0.0185772093142863,176.530624366738,-0.0107483420718046
9704,175.67999267578125,181.1000061035156,173.60000610351562,173.75999450683594,173.75999450683594,-0.015245126029644,174.99066544834216,-0.0121675211389849
9705,173.19000244140625,174.13999938964844,169.0,170.2100067138672,170.2100067138672,-0.0204304092149881,172.18686014985065,-0.0124189420198946
9706,168.5,173.74000549316406,168.22999572753906,170.83999633789062,170.83999633789062,0.0037012490404426,168.47966188273898,-0.0112583976860755
9707,172.89999389648438,173.00999450683594,162.25,166.00999450683594,166.00999450683594,-0.0282720787555029,164.70459118623057,-0.008664122882503
9708,162.8800048828125,164.5500030517578,160.63999938964844,161.9499969482422,161.9499969482422,-0.0244563441535838,161.94769363697566,-0.0048753003547991
9709,161.5500030517578,163.39999389648438,156.25999450683594,158.0,158.0,-0.024390225518217,161.12214187040195,-0.0003765816592803
9801,228.1000061035156,237.009994506836,228.0200042724609,234.42999267578125,234.42999267578125,0.0102128550466313,232.9223271364613,-0.0024331467341027
9802,232.82000732421875,236.22000122070312,228.3300018310547,230.3300018310547,230.3300018310547,-0.0174891906872892,230.9587242918104,-0.0056135075912511
9803,235.0,237.6300048828125,228.3699951171875,228.6199951171875,228.6199951171875,-0.0074241596851176,229.2111271999653,-0.0079560430484353
9804,230.0,232.5,224.3600006103516,229.5,229.5,0.0038492034887911,227.32788634682728,-0.0093440334752389
9805,229.3300018310547,232.3699951171875,225.3000030517578,225.8699951171875,225.8699951171875,-0.0158170147399236,225.0936708780725,-0.0098089852722319
9806,227.2400054931641,228.4900054931641,220.52999877929688,221.2400054931641,221.2400054931641,-0.0204984713512799,222.69105337033287,-0.009506835315902
9807,222.0500030517578,223.4600067138672,218.6100006103516,219.75,219.75,-0.0067347923348796,220.5855704197813,-0.0086781179360724
9808,212.33999633789065,219.42999267578125,211.1000061035156,219.3099975585937,219.3099975585937,-0.0020022864227817,219.1811492138698,-0.0075974394721024
9809,223.27999877929688,223.88999938964844,217.6999969482422,218.77999877929688,218.77999877929688,-0.0024166649272576,218.5447128660217,-0.0065195311842902
9810,219.5500030517578,224.3999938964844,219.32000732421875,219.69000244140625,219.69000244140625,0.0041594463259293,218.3754739678797,-0.0056323623128507
9811,219.6199951171875,219.8800048828125,216.0500030517578,217.1499938964844,217.1499938964844,-0.011561784863648,218.169009319427,-0.0050281017379233
9812,218.19000244140625,219.1999969482422,215.1600036621093,216.08999633789065,216.08999633789065,-0.0048814072686507,217.44075950260216,-0.0046982288417777
9813,218.3000030517578,221.67999267578125,215.3999938964844,216.25,216.25,0.0007404491870097,215.943136621451,-0.004552242831151
9814,216.3600006103516,218.5500030517578,214.3699951171875,216.6699981689453,216.6699981689453,0.0019421880644869,213.84242123095848,-0.0044538654380349
9815,216.2400054931641,216.8999938964844,212.6999969482422,214.0599975585937,214.0599975585937,-0.0120459714423245,211.72608157374864,-0.0042654361867218
9816,210.0,210.1999969482422,202.4900054931641,202.72000122070312,202.72000122070312,-0.0529757846735774,210.2956773246437,-0.0038890043582866
9817,204.7400054931641,213.3500061035156,204.6000061035156,211.6300048828125,211.6300048828125,0.0439522672082512,209.8692627259753,-0.0032922196495549
9818,210.22000122070312,215.6100006103516,209.33999633789065,211.02999877929688,211.02999877929688,-0.0028351655704391,210.11814661832884,-0.0025125443313731
9819,213.38999938964844,216.6000061035156,211.77999877929688,212.7100067138672,212.7100067138672,0.0079609910642484,210.3275610885262,-0.0016441016460784
9820,213.6100006103516,214.1000061035156,208.1600036621093,209.8999938964844,209.8999938964844,-0.0132105341953316,209.96111976520453,-0.0008184679661956
9821,203.02999877929688,207.77999877929688,201.009994506836,206.7899932861328,206.7899932861328,-0.0148165826621478,209.0264363600089,-0.0001867834187437
9822,206.6499938964844,209.0599975585937,204.8099975585937,208.4100036621093,208.4100036621093,0.0078340849585256,207.98818494287596,9.88308331483864e-05
9823,207.1499938964844,208.7899932861328,204.8500061035156,207.2100067138672,207.2100067138672,-0.0057578663555308,207.39724612366723,-8.954123491431913e-05
9824,208.7899932861328,214.19000244140625,208.2100067138672,209.9100036621093,209.9100036621093,0.0130302440073297,207.54522014322615,-0.0008226532353062
9825,208.9600067138672,209.25,204.1999969482422,204.32000732421875,204.32000732421875,-0.0266304427629315,208.30635065944404,-0.002079887469814
9826,206.9900054931641,211.5200042724609,206.5200042724609,210.7100067138672,210.7100067138672,0.0312744673090612,209.17823762227889,-0.0037250218200525
9827,213.2400054931641,215.58999633789065,211.2100067138672,211.4499969482422,211.4499969482422,0.0035118893778018,209.4887878215248,-0.0055038289506521
9828,211.72000122070312,211.92999267578125,206.33999633789065,207.4100036621093,207.4100036621093,-0.019106140195981,208.68760020119075,-0.0070723837844527
9829,205.5500030517578,206.6999969482422,204.2700042724609,205.83999633789065,205.83999633789065,-0.0075695834168941,206.5792706640503,-0.0080571304395511
9830,203.2700042724609,203.8000030517578,199.3000030517578,203.3600006103516,203.3600006103516,-0.0120481722292109,203.40591789279375,-0.0081360245867675
9831,205.33999633789065,208.3500061035156,201.7899932861328,202.0599975585937,202.0599975585937,-0.006392619236114,199.80142988550617,-0.0071203597801841
9832,196.8999938964844,199.47000122070312,191.8500061035156,194.02999877929688,194.02999877929688,-0.0397406655266748,196.6587748872904,-0.005014317247382
9833,198.0500030517578,200.4199981689453,196.0,197.22999572753903,197.22999572753903,0.0164922793814066,194.89923499803348,-0.0020336231239305
9867,261.32000732421875,267.3699951171875,254.72999572753903,256.0599975585937,256.0599975585937,-0.0285670885993881,257.27300294013423,-0.0047347966913516
9868,257.75,258.8800048828125,251.3099975585937,255.82000732421875,255.82000732421875,-0.0009372421958256,252.5231033159461,-0.0080153050029001
9869,255.82000732421875,257.6700134277344,250.1600036621093,251.22999572753903,251.22999572753903,-0.0179423479996326,248.02007015592864,-0.0093855422392313
9870,249.259994506836,251.3000030517578,239.42999267578125,241.25,241.25,-0.0397245388578616,244.5929850435329,-0.0088450281943775
9871,243.75,248.8000030517578,239.0599975585937,239.2400054931641,239.2400054931641,-0.0083315834480245,243.01353972932623,-0.0067162892725554
9872,234.33999633789065,247.5800018310547,231.6999969482422,247.19000244140625,247.19000244140625,0.0332302155396386,243.57740871073864,-0.0035603709492352
9873,249.6199951171875,250.8999938964844,240.3000030517578,244.8699951171875,244.8699951171875,-0.0093855224778707,245.88949282247737,-4.913636487689152e-05
9874,251.3000030517578,254.7100067138672,248.02999877929688,250.5200042724609,250.5200042724609,0.0230735054026096,249.07652135847215,0.0031721531189431
9875,251.2400054931641,253.5,248.9100036621093,252.009994506836,252.009994506836,0.0059475898489711,252.21308875403,0.0055978114930365
9876,254.6999969482422,257.8800048828125,253.3600006103516,254.72000122070312,254.72000122070312,0.0107535684018025,254.62781707873265,0.0069278755893398
9877,256.6700134277344,257.8800048828125,251.3099975585937,252.9600067138672,252.9600067138672,-0.0069095261400811,255.9721949379929,0.0070815944100439
9878,256.5599975585937,260.4800109863281,256.25,259.3599853515625,259.3599853515625,0.0253003576369073,256.1714779313611,0.0061663522369204
9879,257.2099914550781,259.3500061035156,254.6600036621093,255.1699981689453,255.1699981689453,-0.0161551026344239,255.40392350648395,0.0044184051004494
9880,255.3099975585937,255.8999938964844,250.8300018310547,252.5800018310547,252.5800018310547,-0.0101500817356114,254.1046544279686,0.0021346244474926
9881,251.6999969482422,254.9499969482422,249.3099975585937,254.9499969482422,254.9499969482422,0.0093831463299012,252.87772218943883,-0.000387020395738
9882,250.509994506836,252.83999633789065,249.44000244140625,252.3600006103516,252.3600006103516,-0.0101588404349595,252.25145990053392,-0.002885955987536
9883,250.57000732421875,251.5500030517578,246.2899932861328,249.5200042724609,249.5200042724609,-0.0112537499247976,252.3541089845116,-0.0051530877303872
9884,248.3300018310547,254.4900054931641,246.1000061035156,253.2700042724609,253.2700042724609,0.0150288551450377,252.70941866058888,-0.007026421605272
9885,255.32000732421875,258.3699951171875,251.27999877929688,252.42999267578125,252.42999267578125,-0.0033166643602058,252.3718505166509,-0.0083803434098105
9886,253.5599975585937,254.1199951171875,249.42999267578125,251.1100006103516,251.1100006103516,-0.0052291411628135,250.44857054295213,-0.0091216397080263
9887,252.0,253.0500030517578,246.22999572753903,248.17999267578125,248.17999267578125,-0.0116682247917192,246.7459743083135,-0.0091999980067056
9888,247.0,247.0,242.22000122070312,244.1499938964844,244.1499938964844,-0.0162382097599688,242.08738116918596,-0.0086301938070643
9889,241.02999877929688,241.08999633789065,232.33999633789065,234.0599975585937,234.0599975585937,-0.0413270390748758,237.98973411691804,-0.007512680301485
9890,232.22000122070312,236.759994506836,230.22000122070312,235.9199981689453,235.9199981689453,0.0079466830289356,235.81934290628337,-0.0060355421809391
9891,235.9600067138672,239.6499938964844,233.3800048828125,234.3300018310547,234.3300018310547,-0.0067395572661542,235.9671432524165,-0.0044474476076153
9892,233.88999938964844,238.5800018310547,233.1100006103516,238.3800048828125,238.3800048828125,0.0172833312854141,237.6263042313132,-0.0030059582970385
9893,240.2400054931641,244.6499938964844,240.1000061035156,241.44000244140625,241.44000244140625,0.0128366368651517,239.33227431992543,-0.0019197730434258
9894,241.8800048828125,243.4900054931641,239.4100036621093,242.47000122070312,242.47000122070312,0.0042660651461301,239.86346987173775,-0.0013077545060425
9895,239.0,239.6499938964844,232.8500061035156,235.4600067138672,235.4600067138672,-0.0289107702872292,238.8624845497017,-0.0011889078790028
9896,237.0,237.67999267578125,231.8000030517578,235.94000244140625,235.94000244140625,0.0020385446099233,236.8195619364774,-0.0015015014522336
9897,233.67999267578125,236.7700042724609,232.6999969482422,234.3099975585937,234.3099975585937,-0.0069085566921504,234.5928021487412,-0.0021366852603026
9898,234.1100006103516,237.1000061035156,233.8099975585937,235.19000244140625,235.19000244140625,0.0037557291280005,232.9098946586066,-0.0029697874447779
9899,235.75,236.6499938964844,225.6499938964844,233.6300048828125,233.6300048828125,-0.0066329246243466,232.10465167520385,-0.0038793877028013
9900,232.4499969482422,233.4900054931641,227.5599975585937,228.17999267578125,228.17999267578125,-0.0233275353898354,232.0374216958319,-0.0047525879070482
9901,229.3000030517578,231.1699981689453,226.5500030517578,229.8099975585937,229.8099975585937,0.0071435048432511,232.1364550406153,-0.0054799753683367
9902,229.8000030517578,235.9100036621093,227.9900054931641,235.47000122070312,235.47000122070312,0.0246290575790391,231.6625755927852,-0.0059471346106346
9903,236.83999633789065,241.1000061035156,232.5,232.92999267578125,232.92999267578125,-0.0107869729976395,230.2073172182986,-0.0060324802896969
9904,226.5599975585937,230.1300048828125,223.8500061035156,228.8800048828125,228.8800048828125,-0.0173871460108874,228.0731357867425,-0.0056196189205371
9905,227.25,229.7400054931641,220.6300048828125,220.77999877929688,220.77999877929688,-0.0353897497846649,226.10441378864175,-0.0046230960668346
9906,223.0,229.2700042724609,219.07000732421875,222.63999938964844,222.63999938964844,0.008424678959306,225.03778758685533,-0.0030154746919731
9907,225.9900054931641,228.8099975585937,224.3500061035156,228.47000122070312,228.47000122070312,0.0261857790470589,224.989159710642,-0.0008423671457976
9967,231.97000122070312,236.8500061035156,231.6199951171875,235.77999877929688,235.77999877929688,0.015111699497446,236.77004861394656,-0.0003565933500509
9968,236.6100006103516,239.58999633789065,234.5800018310547,239.4900054931641,239.4900054931641,0.0157350357667105,238.34919633150236,-0.0031550596210354
9969,240.0,241.1499938964844,236.509994506836,238.17999267578125,238.17999267578125,-0.0054700103859667,237.63216136320844,-0.0060728302623063
9970,238.009994506836,239.69000244140625,234.27999877929688,234.4600067138672,234.4600067138672,-0.0156183813767172,234.2198669045883,-0.0086513267381391
9971,231.8999938964844,232.02999877929688,227.13999938964844,229.0599975585937,229.0599975585937,-0.023031685578102,228.70044004308696,-0.0104398065579569
9972,226.1999969482422,226.2400054931641,219.8000030517578,222.22000122070312,222.22000122070312,-0.02986115607611,222.54743013993797,-0.0111118769952825
9973,221.72999572753903,223.6499938964844,218.8999938964844,219.0,219.0,-0.0144901503150703,217.54764525207312,-0.010553658339385
9974,216.3000030517578,218.3000030517578,211.72999572753903,212.1600036621093,212.1600036621093,-0.0312328599903684,215.00003151118855,-0.008895980237862
9975,212.3099975585937,214.7400054931641,210.94000244140625,212.6699981689453,212.6699981689453,0.0024038202207434,215.09848368552284,-0.0064808046540377
9976,215.8300018310547,220.17999267578125,215.3800048828125,219.3999938964844,219.3999938964844,0.0316452522005137,216.89513302776533,-0.0037736368921399
9977,220.1100006103516,223.1000061035156,219.8000030517578,221.42999267578125,221.42999267578125,0.0092525015303994,218.92641684864785,-0.0012516680900928
9978,221.5,222.3000030517578,219.1000061035156,221.02999877929688,221.02999877929688,-0.0018064124541161,220.0970426018352,0.0006963770997624
9979,221.4100036621093,222.8999938964844,215.9100036621093,216.5,216.5,-0.0204949500263091,220.1956962414326,0.0018325352887286
9980,217.47000122070312,222.42999267578125,216.8600006103516,221.75,221.75,0.0242494226327945,219.73422420506537,0.002087502023477
9981,222.3500061035156,222.3699951171875,217.52999877929688,217.6600036621093,217.6600036621093,-0.0184441773974777,219.3500738375163,0.0015436259538008
9982,217.3300018310547,221.3300018310547,217.08999633789065,219.5,219.5,0.0084535344433194,219.27086975815268,0.0003974414764489
9983,220.0,221.759994506836,217.6199951171875,218.1199951171875,218.1199951171875,-0.0062870381904897,219.18837653226643,-0.0010865880136087
9984,218.9499969482422,223.83999633789065,218.0800018310547,220.8300018310547,220.8300018310547,0.0124243846255873,218.5659513193592,-0.0026236418237147
9985,219.4499969482422,221.17999267578125,217.4600067138672,218.1699981689453,218.1699981689453,-0.0120454813207148,217.1234052367246,-0.0039527157454289
9986,215.9100036621093,216.7100067138672,212.1699981689453,214.2400054931641,214.2400054931641,-0.0180134423099639,215.12821428951204,-0.0048731545244493
9987,213.6000061035156,216.0800018310547,210.509994506836,211.3800048828125,211.3800048828125,-0.0133495170697371,213.26738507096172,-0.0052679347927323
9988,211.1499938964844,216.6100006103516,210.72000122070312,213.94000244140625,213.94000244140625,0.01211087851007,212.20388297528228,-0.0051082271549378
9989,215.1600036621093,215.88999938964844,210.1199951171875,210.3000030517578,210.3000030517578,-0.0170141130602509,212.15216003552817,-0.0044386413129022
9990,211.3500061035156,215.63999938964844,209.8800048828125,214.47999572753903,214.47999572753903,0.0198763319787136,212.7533339455745,-0.0033501666171648
9991,215.83999633789065,216.1100006103516,210.7100067138672,211.57000732421875,211.57000732421875,-0.0135676448213704,213.30474314526288,-0.0019524356938479
9992,211.7899932861328,214.3500061035156,210.32000732421875,214.22000122070312,214.22000122070312,0.0125253760209187,213.20584261754243,-0.0003554567515798
10023,206.0,208.7400054931641,204.6000061035156,207.8500061035156,207.8500061035156,0.0060016721818927,207.8500823445061,4.968317825754303e-05
10024,206.83999633789065,208.2400054931641,205.2899932861328,207.02999877929688,207.02999877929688,-0.0039451878765417,208.62818256092936,0.0022018975225998
10025,207.0,214.69000244140625,206.8099975585937,214.5800018310547,214.5800018310547,0.0364681596690075,210.35668595912423,0.004357367733663
10026,213.8300018310547,215.72000122070312,210.6999969482422,212.7700042724609,212.7700042724609,-0.0084350710371362,212.7447241615412,0.0063541914592795
10027,211.47000122070312,213.759994506836,210.8699951171875,213.3800048828125,213.3800048828125,0.0028669483390639,215.4411022238786,0.0080478735635611
10028,213.8000030517578,214.82000732421875,211.8699951171875,213.02999877929688,213.02999877929688,-0.0016402947582078,217.9550496169396,0.0093202033238883
10029,217.6999969482422,224.5800018310547,217.6999969482422,224.4600067138672,224.4600067138672,0.0536544524248532,219.69800342330151,0.0100771689829217
10030,225.2400054931641,226.9900054931641,222.1100006103516,222.67999267578125,222.67999267578125,-0.0079302057597949,220.34564684076284,0.0102397014298606
10031,222.4900054931641,222.8500061035156,217.5399932861328,220.7899932861328,220.7899932861328,-0.0084875132558507,220.2547065996272,0.0097318328425093
10032,219.3600006103516,225.67999267578125,217.2700042724609,218.5,218.5,-0.010371816458027,220.40038467386728,0.0084748793273285
10033,220.5,222.6499938964844,218.8999938964844,219.3800048828125,219.3800048828125,0.0040274823012014,221.68346293607428,0.0064001200320411
10034,219.72000122070312,223.75,218.8999938964844,220.9600067138672,220.9600067138672,0.0072021232377066,224.1240088816562,0.0034868626993109
10035,227.3699951171875,233.94000244140625,226.9199981689453,233.08999633789065,233.08999633789065,0.0548967652763119,226.66187081309872,-0.0001834371714319
10036,232.94000244140625,232.9499969482422,225.509994506836,225.8000030517578,225.8000030517578,-0.0312754446808826,227.7846807629288,-0.0043819930034023
10037,229.5399932861328,231.32000732421875,224.1999969482422,226.6199951171875,226.6199951171875,0.0036314971405988,226.50347356985677,-0.0087235349497132
10038,230.3000030517578,231.5,224.9499969482422,227.25,227.25,0.0027800057205309,222.9431335837882,-0.0127064273736349
10039,225.07000732421875,225.3300018310547,213.22999572753903,214.1300048828125,214.1300048828125,-0.057733751890814,218.1509431291701,-0.0157950393806695
10040,215.0,215.0200042724609,208.9499969482422,209.8999938964844,209.8999938964844,-0.019754405687531,213.3156465266362,-0.0175222095143576
10041,211.5,212.9900054931641,207.7700042724609,209.1300048828125,209.1300048828125,-0.0036683612961495,209.0255640239673,-0.0175850982104359
10042,207.5200042724609,211.22000122070312,206.8699951171875,210.6000061035156,210.6000061035156,0.0070291263155988,205.1542728300905,-0.0159136839163042
10043,197.57000732421875,199.4199981689453,194.0,199.2100067138672,199.2100067138672,-0.0540835662846558,201.40278156115247,-0.0127020281809895
10044,201.8699951171875,204.27999877929688,195.3300018310547,198.5,198.5,-0.00356411169087,197.93879915142136,-0.0083990912546915
10045,196.0200042724609,198.82000732421875,193.8500061035156,197.8500061035156,197.8500061035156,-0.0032745284457652,195.5400925884816,-0.0036560542430272
10046,200.8099975585937,201.6199951171875,188.0,188.19000244140625,188.19000244140625,-0.0488248843270452,195.1349181723573,0.0007712336464646
10047,196.8000030517578,202.5399932861328,192.4100036621093,202.3800048828125,202.3800048828125,0.075402530725958,197.12094812068295,0.0041562970415221
10048,198.6999969482422,199.8999938964844,195.4199981689453,198.4900054931641,198.4900054931641,-0.0192212634439894,200.9623886358556,0.0059490814741874
10049,199.7700042724609,206.4199981689453,199.1999969482422,205.8800048828125,205.8800048828125,0.0372310906601436,205.3177010791549,0.0059006172489754
10050,207.0599975585937,211.6499938964844,206.3800048828125,208.8300018310547,208.8300018310547,0.0143287200227206,208.5940773347617,0.0041293429578269
10051,209.17999267578125,212.67999267578125,207.7100067138672,211.02999877929688,211.02999877929688,0.0105348701285843,209.61303897217067,0.0011062163730951
